# heaplens compact snapshot v2
# snapshot_index: 1
# time: 41494148878600488
# page_size: 4096
# cache_line_size: 64
# adjacent_line_window: 128
# l1_sets: 64
# pages_per_cluster: 3
# object: offset, cache_line, l1_index, align_bucket, size, actual_size, split_offset, split_kind, is_container, type
cluster 0
140405256519680, 1
0, 0, 0, 64, 4096, 81024, 8192, middle, 0, I
140405256548352, 1
0, 0, 0, 64, 4096, 81024, 36864, middle, 0, I
140405256556544, 1
0, 0, 0, 64, 4096, 81024, 45056, middle, 0, I
cluster 11
140405058011136, 1
0, 0, 0, 64, 4096, 32768, 8192, middle, 0, AU
140405058015232, 1
0, 0, 0, 64, 4096, 32768, 12288, middle, 0, AU
140405058199552, 1
0, 0, 0, 64, 4096, 32768, 0, first, 0, AU
cluster 12
140405059428352, 59
648, 10, 10, 8, 24, 24, 0, whole, 0, AA
408, 6, 6, 8, 24, 24, 0, whole, 0, AA
360, 5, 5, 8, 24, 24, 0, whole, 0, AA
336, 5, 5, 16, 24, 24, 0, whole, 0, AA
936, 14, 14, 8, 24, 24, 0, whole, 0, AA
456, 7, 7, 8, 24, 24, 0, whole, 0, AA
1032, 16, 16, 8, 24, 24, 0, whole, 0, AA
72, 1, 1, 8, 24, 24, 0, whole, 0, AA
0, 0, 0, 64, 24, 24, 0, whole, 0, AA
576, 9, 9, 64, 24, 24, 0, whole, 0, AA
312, 4, 4, 8, 24, 24, 0, whole, 0, AA
288, 4, 4, 32, 24, 24, 0, whole, 0, AA
144, 2, 2, 16, 24, 24, 0, whole, 0, AA
672, 10, 10, 32, 24, 24, 0, whole, 0, AA
432, 6, 6, 16, 24, 24, 0, whole, 0, AA
744, 11, 11, 8, 24, 24, 0, whole, 0, AA
1176, 18, 18, 8, 24, 24, 0, whole, 0, AA
888, 13, 13, 8, 24, 24, 0, whole, 0, AA
1128, 17, 17, 8, 24, 24, 0, whole, 0, AA
1104, 17, 17, 16, 24, 24, 0, whole, 0, AA
816, 12, 12, 16, 24, 24, 0, whole, 0, AA
24, 0, 0, 8, 24, 24, 0, whole, 0, AA
840, 13, 13, 8, 24, 24, 0, whole, 0, AA
384, 6, 6, 64, 24, 24, 0, whole, 0, AA
984, 15, 15, 8, 24, 24, 0, whole, 0, AA
960, 15, 15, 64, 24, 24, 0, whole, 0, AA
720, 11, 11, 16, 24, 24, 0, whole, 0, AA
504, 7, 7, 8, 24, 24, 0, whole, 0, AA
480, 7, 7, 32, 24, 24, 0, whole, 0, AA
1080, 16, 16, 8, 24, 24, 0, whole, 0, AA
1056, 16, 16, 32, 24, 24, 0, whole, 0, AA
96, 1, 1, 32, 24, 24, 0, whole, 0, AA
1248, 19, 19, 32, 24, 24, 0, whole, 0, AA
864, 13, 13, 32, 24, 24, 0, whole, 0, AA
1296, 20, 20, 16, 24, 24, 0, whole, 0, AA
1272, 19, 19, 8, 24, 24, 0, whole, 0, AA
696, 10, 10, 8, 24, 24, 0, whole, 0, AA
912, 14, 14, 16, 24, 24, 0, whole, 0, AA
1200, 18, 18, 16, 24, 24, 0, whole, 0, AA
1224, 19, 19, 8, 24, 24, 0, whole, 0, AA
768, 12, 12, 64, 24, 24, 0, whole, 0, AA
552, 8, 8, 8, 24, 24, 0, whole, 0, AA
1320, 20, 20, 8, 24, 24, 0, whole, 0, AA
792, 12, 12, 8, 24, 24, 0, whole, 0, AA
768, 12, 12, 64, 24, 24, 0, whole, 0, AA
1344, 21, 21, 64, 24, 24, 0, whole, 0, AA
1152, 18, 18, 64, 24, 24, 0, whole, 0, AA
1344, 21, 21, 64, 24, 24, 0, whole, 0, AA
120, 1, 1, 8, 24, 24, 0, whole, 0, AA
528, 8, 8, 16, 24, 24, 0, whole, 0, AA
192, 3, 3, 64, 24, 24, 0, whole, 0, AA
216, 3, 3, 8, 24, 24, 0, whole, 0, AA
48, 0, 0, 16, 24, 24, 0, whole, 0, AA
240, 3, 3, 16, 24, 24, 0, whole, 0, AA
1008, 15, 15, 16, 24, 24, 0, whole, 0, AA
168, 2, 2, 8, 24, 24, 0, whole, 0, AA
600, 9, 9, 8, 24, 24, 0, whole, 0, AA
624, 9, 9, 16, 24, 24, 0, whole, 0, AA
264, 4, 4, 8, 24, 24, 0, whole, 0, AA
140405255565312, 8
960, 15, 15, 64, 72, 72, 0, whole, 0, AD
1120, 17, 17, 32, 80, 80, 0, whole, 0, AD
2320, 36, 36, 16, 80, 80, 0, whole, 0, AF
2400, 37, 37, 48, 80, 80, 0, whole, 0, AF
2240, 35, 35, 64, 80, 80, 0, whole, 0, AF
2160, 33, 33, 48, 79, 79, 0, whole, 0, M
2480, 38, 38, 16, 80, 80, 0, whole, 0, AF
800, 12, 12, 32, 72, 72, 0, whole, 0, AD
140405255647232, 61
2496, 39, 39, 64, 32, 32, 0, whole, 0, AD
2432, 38, 38, 64, 32, 32, 0, whole, 0, AD
3168, 49, 49, 32, 32, 32, 0, whole, 0, AD
3648, 57, 57, 64, 32, 32, 0, whole, 0, AC
2336, 36, 36, 32, 32, 32, 0, whole, 0, AD
2304, 36, 36, 64, 32, 32, 0, whole, 0, AD
2784, 43, 43, 32, 32, 32, 0, whole, 0, AD
3808, 59, 59, 48, 32, 32, 0, whole, 0, AC
3072, 48, 48, 64, 32, 32, 0, whole, 0, AD
2560, 40, 40, 64, 32, 32, 0, whole, 0, AD
4032, 63, 63, 64, 32, 32, 0, whole, 0, AF
4000, 62, 62, 48, 32, 32, 0, whole, 0, AF
2848, 44, 44, 48, 32, 32, 0, whole, 0, AD
3008, 47, 47, 64, 32, 32, 0, whole, 0, AD
3520, 55, 55, 64, 32, 32, 0, whole, 0, AD
2880, 45, 45, 64, 32, 32, 0, whole, 0, AD
3136, 49, 49, 64, 32, 32, 0, whole, 0, AD
3552, 55, 55, 32, 32, 32, 0, whole, 0, AD
3872, 60, 60, 32, 32, 32, 0, whole, 0, AF
3840, 60, 60, 64, 32, 32, 0, whole, 0, AC
2464, 38, 38, 48, 32, 32, 0, whole, 0, AD
2080, 32, 32, 48, 32, 32, 0, whole, 0, AC
3968, 62, 62, 64, 32, 32, 0, whole, 0, AF
2176, 34, 34, 64, 32, 32, 0, whole, 0, AD
3936, 61, 61, 32, 32, 32, 0, whole, 0, AF
2752, 43, 43, 64, 32, 32, 0, whole, 0, AD
3680, 57, 57, 32, 32, 32, 0, whole, 0, AC
3488, 54, 54, 32, 32, 32, 0, whole, 0, AD
3904, 61, 61, 64, 32, 32, 0, whole, 0, AF
3232, 50, 50, 48, 32, 32, 0, whole, 0, AD
4064, 63, 63, 32, 32, 32, 0, whole, 0, AF
2592, 40, 40, 32, 32, 32, 0, whole, 0, AD
2624, 41, 41, 64, 32, 32, 0, whole, 0, AD
3584, 56, 56, 64, 32, 32, 0, whole, 0, AD
3616, 56, 56, 48, 32, 32, 0, whole, 0, AD
3456, 54, 54, 64, 32, 32, 0, whole, 0, AD
3712, 58, 58, 64, 27, 27, 0, whole, 0, M
2112, 33, 33, 64, 32, 32, 0, whole, 0, AD
3264, 51, 51, 64, 32, 32, 0, whole, 0, AD
2208, 34, 34, 32, 32, 32, 0, whole, 0, AD
2240, 35, 35, 64, 32, 32, 0, whole, 0, AD
2144, 33, 33, 32, 32, 32, 0, whole, 0, AD
2976, 46, 46, 32, 32, 32, 0, whole, 0, AD
2272, 35, 35, 48, 32, 32, 0, whole, 0, AD
3360, 52, 52, 32, 32, 32, 0, whole, 0, AD
3328, 52, 52, 64, 32, 32, 0, whole, 0, AD
2816, 44, 44, 64, 32, 32, 0, whole, 0, AD
2400, 37, 37, 32, 32, 32, 0, whole, 0, AD
2368, 37, 37, 64, 32, 32, 0, whole, 0, AD
2720, 42, 42, 32, 32, 32, 0, whole, 0, AD
2688, 42, 42, 64, 32, 32, 0, whole, 0, AD
2656, 41, 41, 48, 32, 32, 0, whole, 0, AD
3040, 47, 47, 48, 32, 32, 0, whole, 0, AD
2528, 39, 39, 32, 32, 32, 0, whole, 0, AD
2944, 46, 46, 64, 32, 32, 0, whole, 0, AD
2912, 45, 45, 32, 32, 32, 0, whole, 0, AD
3200, 50, 50, 64, 32, 32, 0, whole, 0, AD
3744, 58, 58, 32, 32, 32, 0, whole, 0, AC
3776, 59, 59, 64, 32, 32, 0, whole, 0, AC
3392, 53, 53, 64, 32, 32, 0, whole, 0, AD
3424, 53, 53, 48, 32, 32, 0, whole, 0, AD
cluster 13
140405059153920, 1
0, 0, 0, 64, 4096, 16384, 4096, middle, 0, M
140405059186688, 1
0, 0, 0, 64, 4096, 16384, 4096, middle, 0, M
140405060116480, 1
0, 0, 0, 64, 4096, 16384, 8192, middle, 1, M
cluster 15
140405255553024, 1
0, 0, 0, 64, 936, 936, 0, whole, 0, Y
cluster 18
140405255938048, 6
384, 6, 6, 64, 128, 128, 0, whole, 0, P
256, 4, 4, 64, 128, 128, 0, whole, 0, AI
128, 2, 2, 64, 128, 128, 0, whole, 0, G
512, 8, 8, 64, 128, 128, 0, whole, 0, AU
640, 10, 10, 64, 128, 128, 0, whole, 0, U
0, 0, 0, 64, 122, 122, 0, whole, 0, M
cluster 19
140405255933952, 199
1856, 29, 29, 64, 16, 16, 0, whole, 0, AF
1648, 25, 25, 16, 16, 16, 0, whole, 0, AF
2688, 42, 42, 64, 16, 16, 0, whole, 0, AF
2960, 46, 46, 16, 16, 16, 0, whole, 0, AF
2976, 46, 46, 48, 16, 16, 0, whole, 0, AF
2480, 38, 38, 16, 16, 16, 0, whole, 0, AF
2752, 43, 43, 64, 16, 16, 0, whole, 0, AF
2768, 43, 43, 16, 16, 16, 0, whole, 0, AF
2784, 43, 43, 48, 16, 16, 0, whole, 0, AF
2800, 43, 43, 16, 16, 16, 0, whole, 0, AF
1792, 28, 28, 64, 16, 16, 0, whole, 0, AF
1040, 16, 16, 16, 16, 16, 0, whole, 0, AF
1056, 16, 16, 48, 10, 10, 0, whole, 0, M
1584, 24, 24, 48, 16, 16, 0, whole, 0, AF
1632, 25, 25, 48, 16, 16, 0, whole, 0, AF
1872, 29, 29, 48, 16, 16, 0, whole, 0, AF
1888, 29, 29, 32, 16, 16, 0, whole, 0, AF
1904, 29, 29, 16, 16, 16, 0, whole, 0, AF
1920, 30, 30, 64, 16, 16, 0, whole, 0, AF
2192, 34, 34, 16, 16, 16, 0, whole, 0, AF
2208, 34, 34, 48, 16, 16, 0, whole, 0, AF
2736, 42, 42, 48, 16, 16, 0, whole, 0, AF
3008, 47, 47, 64, 16, 16, 0, whole, 0, AF
3024, 47, 47, 48, 16, 16, 0, whole, 0, AF
3040, 47, 47, 32, 16, 16, 0, whole, 0, AF
3056, 47, 47, 16, 16, 16, 0, whole, 0, AF
3072, 48, 48, 64, 16, 16, 0, whole, 0, AF
3344, 52, 52, 16, 16, 16, 0, whole, 0, AF
1680, 26, 26, 48, 16, 16, 0, whole, 0, AF
2464, 38, 38, 32, 16, 16, 0, whole, 0, AF
1968, 30, 30, 48, 16, 16, 0, whole, 0, AF
2240, 35, 35, 64, 16, 16, 0, whole, 0, AF
2256, 35, 35, 48, 16, 16, 0, whole, 0, AF
2272, 35, 35, 32, 16, 16, 0, whole, 0, AF
2288, 35, 35, 16, 16, 16, 0, whole, 0, AF
1280, 20, 20, 64, 16, 16, 0, whole, 0, AF
1072, 16, 16, 16, 16, 16, 0, whole, 0, AF
1344, 21, 21, 64, 16, 16, 0, whole, 0, AF
1360, 21, 21, 16, 16, 16, 0, whole, 0, AF
1376, 21, 21, 32, 16, 16, 0, whole, 0, AF
1392, 21, 21, 48, 16, 16, 0, whole, 0, AF
1408, 22, 22, 64, 16, 16, 0, whole, 0, AF
3360, 52, 52, 48, 16, 16, 0, whole, 0, AF
1696, 26, 26, 32, 16, 16, 0, whole, 0, AF
2224, 34, 34, 16, 16, 16, 0, whole, 0, AF
2496, 39, 39, 64, 16, 16, 0, whole, 0, AF
2512, 39, 39, 16, 16, 16, 0, whole, 0, AF
2528, 39, 39, 32, 16, 16, 0, whole, 0, AF
2544, 39, 39, 48, 16, 16, 0, whole, 0, AF
2560, 40, 40, 64, 16, 16, 0, whole, 0, AF
2832, 44, 44, 48, 16, 16, 0, whole, 0, AF
2848, 44, 44, 32, 16, 16, 0, whole, 0, AF
2352, 36, 36, 48, 16, 16, 0, whole, 0, AF
1600, 25, 25, 64, 16, 16, 0, whole, 0, AF
1616, 25, 25, 16, 16, 16, 0, whole, 0, AF
3504, 54, 54, 48, 16, 16, 0, whole, 0, AF
3552, 55, 55, 48, 16, 16, 0, whole, 0, AF
3568, 55, 55, 16, 16, 16, 0, whole, 0, AF
3584, 56, 56, 64, 16, 16, 0, whole, 0, AF
3856, 60, 60, 16, 16, 16, 0, whole, 0, AF
3872, 60, 60, 32, 16, 16, 0, whole, 0, AF
3376, 52, 52, 16, 16, 16, 0, whole, 0, AF
2624, 41, 41, 64, 16, 16, 0, whole, 0, AF
2640, 41, 41, 48, 16, 16, 0, whole, 0, AF
2656, 41, 41, 32, 16, 16, 0, whole, 0, AF
2672, 41, 41, 16, 16, 16, 0, whole, 0, AF
3712, 58, 58, 64, 16, 16, 0, whole, 0, AF
3984, 62, 62, 48, 16, 16, 0, whole, 0, AF
4000, 62, 62, 32, 16, 16, 0, whole, 0, AF
3536, 55, 55, 16, 16, 16, 0, whole, 0, AF
3776, 59, 59, 64, 16, 16, 0, whole, 0, AF
3792, 59, 59, 48, 16, 16, 0, whole, 0, AF
3808, 59, 59, 32, 16, 16, 0, whole, 0, AF
3824, 59, 59, 16, 16, 16, 0, whole, 0, AF
2816, 44, 44, 64, 16, 16, 0, whole, 0, AF
2064, 32, 32, 48, 16, 16, 0, whole, 0, AF
2080, 32, 32, 32, 16, 16, 0, whole, 0, AF
2608, 40, 40, 16, 16, 16, 0, whole, 0, AF
2880, 45, 45, 64, 16, 16, 0, whole, 0, AF
2896, 45, 45, 16, 16, 16, 0, whole, 0, AF
2912, 45, 45, 32, 16, 16, 0, whole, 0, AF
2928, 45, 45, 48, 16, 16, 0, whole, 0, AF
2304, 36, 36, 64, 16, 16, 0, whole, 0, AF
2864, 44, 44, 16, 16, 16, 0, whole, 0, AF
2112, 33, 33, 64, 16, 16, 0, whole, 0, AF
2128, 33, 33, 16, 16, 16, 0, whole, 0, AF
2144, 33, 33, 32, 16, 16, 0, whole, 0, AF
2160, 33, 33, 48, 16, 16, 0, whole, 0, AF
3200, 50, 50, 64, 16, 16, 0, whole, 0, AF
3472, 54, 54, 16, 16, 16, 0, whole, 0, AF
3488, 54, 54, 32, 16, 16, 0, whole, 0, AF
2992, 46, 46, 16, 16, 16, 0, whole, 0, AF
3264, 51, 51, 64, 16, 16, 0, whole, 0, AF
3280, 51, 51, 16, 16, 16, 0, whole, 0, AF
3296, 51, 51, 32, 16, 16, 0, whole, 0, AF
3312, 51, 51, 48, 16, 16, 0, whole, 0, AF
2448, 38, 38, 48, 16, 16, 0, whole, 0, AF
1552, 24, 24, 16, 16, 16, 0, whole, 0, AF
1568, 24, 24, 32, 16, 16, 0, whole, 0, AF
2096, 32, 32, 16, 16, 16, 0, whole, 0, AF
2368, 37, 37, 64, 16, 16, 0, whole, 0, AF
2384, 37, 37, 16, 16, 16, 0, whole, 0, AF
2400, 37, 37, 48, 16, 16, 0, whole, 0, AF
2416, 37, 37, 16, 16, 16, 0, whole, 0, AF
2432, 38, 38, 64, 16, 16, 0, whole, 0, AF
2704, 42, 42, 16, 16, 16, 0, whole, 0, AF
2720, 42, 42, 32, 16, 16, 0, whole, 0, AF
3248, 50, 50, 16, 16, 16, 0, whole, 0, AF
3520, 55, 55, 64, 16, 16, 0, whole, 0, AF
2592, 40, 40, 48, 16, 16, 0, whole, 0, AF
4048, 63, 63, 16, 16, 16, 0, whole, 0, AF
4064, 63, 63, 32, 16, 16, 0, whole, 0, AF
4080, 63, 63, 48, 16, 16, 0, whole, 0, AF
3888, 60, 60, 48, 16, 16, 0, whole, 0, AF
3136, 49, 49, 64, 16, 16, 0, whole, 0, AF
3152, 49, 49, 16, 16, 16, 0, whole, 0, AF
3168, 49, 49, 48, 16, 16, 0, whole, 0, AF
3184, 49, 49, 16, 16, 16, 0, whole, 0, AF
4016, 62, 62, 16, 16, 16, 0, whole, 0, AF
3328, 52, 52, 64, 16, 16, 0, whole, 0, AF
2576, 40, 40, 16, 16, 16, 0, whole, 0, AF
4032, 63, 63, 64, 16, 16, 0, whole, 0, AF
3120, 48, 48, 48, 16, 16, 0, whole, 0, AF
3392, 53, 53, 64, 16, 16, 0, whole, 0, AF
3408, 53, 53, 48, 16, 16, 0, whole, 0, AF
3424, 53, 53, 32, 16, 16, 0, whole, 0, AF
3440, 53, 53, 16, 16, 16, 0, whole, 0, AF
928, 14, 14, 32, 13, 13, 0, whole, 0, M
944, 14, 14, 16, 12, 12, 0, whole, 0, M
976, 15, 15, 16, 13, 13, 0, whole, 0, M
992, 15, 15, 32, 16, 16, 0, whole, 0, AF
3088, 48, 48, 16, 16, 16, 0, whole, 0, AF
3968, 62, 62, 64, 16, 16, 0, whole, 0, AF
3600, 56, 56, 48, 16, 16, 0, whole, 0, AF
3616, 56, 56, 32, 16, 16, 0, whole, 0, AF
3456, 54, 54, 64, 16, 16, 0, whole, 0, AF
3728, 58, 58, 16, 16, 16, 0, whole, 0, AF
3744, 58, 58, 48, 16, 16, 0, whole, 0, AF
3648, 57, 57, 64, 16, 16, 0, whole, 0, AF
3664, 57, 57, 16, 16, 16, 0, whole, 0, AF
3680, 57, 57, 32, 16, 16, 0, whole, 0, AF
3696, 57, 57, 48, 16, 16, 0, whole, 0, AF
3840, 60, 60, 64, 16, 16, 0, whole, 0, AF
2176, 34, 34, 64, 16, 16, 0, whole, 0, AF
3104, 48, 48, 32, 16, 16, 0, whole, 0, AF
3632, 56, 56, 16, 16, 16, 0, whole, 0, AF
3904, 61, 61, 64, 16, 16, 0, whole, 0, AF
3920, 61, 61, 16, 16, 16, 0, whole, 0, AF
3936, 61, 61, 48, 16, 16, 0, whole, 0, AF
3952, 61, 61, 16, 16, 16, 0, whole, 0, AF
2944, 46, 46, 64, 16, 16, 0, whole, 0, AF
3216, 50, 50, 48, 16, 16, 0, whole, 0, AF
3232, 50, 50, 32, 16, 16, 0, whole, 0, AF
3760, 58, 58, 16, 16, 16, 0, whole, 0, AF
1712, 26, 26, 16, 16, 16, 0, whole, 0, AF
1328, 20, 20, 16, 16, 16, 0, whole, 0, AF
1664, 26, 26, 64, 16, 16, 0, whole, 0, AF
1936, 30, 30, 16, 16, 16, 0, whole, 0, AF
1952, 30, 30, 32, 16, 16, 0, whole, 0, AF
1456, 22, 22, 16, 16, 16, 0, whole, 0, AF
1728, 27, 27, 64, 16, 16, 0, whole, 0, AF
1744, 27, 27, 16, 16, 16, 0, whole, 0, AF
1760, 27, 27, 32, 16, 16, 0, whole, 0, AF
1776, 27, 27, 48, 16, 16, 0, whole, 0, AF
912, 14, 14, 48, 10, 10, 0, whole, 0, M
1168, 18, 18, 16, 16, 16, 0, whole, 0, AF
1184, 18, 18, 32, 16, 16, 0, whole, 0, AF
1024, 16, 16, 64, 16, 16, 0, whole, 0, AF
1984, 31, 31, 64, 16, 16, 0, whole, 0, AF
2000, 31, 31, 16, 16, 16, 0, whole, 0, AF
2016, 31, 31, 48, 16, 16, 0, whole, 0, AF
2032, 31, 31, 16, 16, 16, 0, whole, 0, AF
2048, 32, 32, 64, 16, 16, 0, whole, 0, AF
2320, 36, 36, 16, 16, 16, 0, whole, 0, AF
2336, 36, 36, 32, 16, 16, 0, whole, 0, AF
1840, 28, 28, 16, 16, 16, 0, whole, 0, AF
1088, 17, 17, 64, 16, 16, 0, whole, 0, AF
1104, 17, 17, 48, 16, 16, 0, whole, 0, AF
1120, 17, 17, 32, 16, 16, 0, whole, 0, AF
1136, 17, 17, 16, 16, 16, 0, whole, 0, AF
1824, 28, 28, 48, 16, 16, 0, whole, 0, AF
1008, 15, 15, 48, 16, 16, 0, whole, 0, AF
1296, 20, 20, 48, 16, 16, 0, whole, 0, AF
1312, 20, 20, 32, 16, 16, 0, whole, 0, AF
1152, 18, 18, 64, 16, 16, 0, whole, 0, AF
1424, 22, 22, 16, 16, 16, 0, whole, 0, AF
1440, 22, 22, 48, 16, 16, 0, whole, 0, AF
960, 15, 15, 64, 10, 10, 0, whole, 0, M
1216, 19, 19, 64, 16, 16, 0, whole, 0, AF
1232, 19, 19, 16, 16, 16, 0, whole, 0, AF
1248, 19, 19, 48, 16, 16, 0, whole, 0, AF
1264, 19, 19, 16, 16, 16, 0, whole, 0, AF
1200, 18, 18, 48, 16, 16, 0, whole, 0, AF
1488, 23, 23, 48, 16, 16, 0, whole, 0, AF
1504, 23, 23, 32, 16, 16, 0, whole, 0, AF
1520, 23, 23, 16, 16, 16, 0, whole, 0, AF
1536, 24, 24, 64, 16, 16, 0, whole, 0, AF
1472, 23, 23, 64, 16, 16, 0, whole, 0, AF
1808, 28, 28, 16, 16, 16, 0, whole, 0, AF
cluster 26
140405255868416, 128
3840, 60, 60, 64, 32, 32, 0, whole, 0, AF
1536, 24, 24, 64, 32, 32, 0, whole, 0, AF
3616, 56, 56, 48, 32, 32, 0, whole, 0, AF
3200, 50, 50, 64, 32, 32, 0, whole, 0, AF
3232, 50, 50, 48, 32, 32, 0, whole, 0, AF
3264, 51, 51, 64, 32, 32, 0, whole, 0, AF
3296, 51, 51, 32, 32, 32, 0, whole, 0, AF
3328, 52, 52, 64, 32, 32, 0, whole, 0, AF
3808, 59, 59, 48, 32, 32, 0, whole, 0, AF
1504, 23, 23, 48, 32, 32, 0, whole, 0, AF
1824, 28, 28, 32, 32, 32, 0, whole, 0, AF
320, 5, 5, 64, 32, 32, 0, whole, 0, AF
352, 5, 5, 48, 32, 32, 0, whole, 0, AF
1408, 22, 22, 64, 32, 32, 0, whole, 0, AF
1440, 22, 22, 32, 32, 32, 0, whole, 0, AF
1472, 23, 23, 64, 32, 32, 0, whole, 0, AF
2016, 31, 31, 32, 32, 32, 0, whole, 0, AF
2048, 32, 32, 64, 32, 32, 0, whole, 0, AF
2944, 46, 46, 64, 32, 32, 0, whole, 0, AF
3936, 61, 61, 32, 32, 32, 0, whole, 0, AF
3904, 61, 61, 64, 32, 32, 0, whole, 0, AF
3360, 52, 52, 32, 32, 32, 0, whole, 0, AF
768, 12, 12, 64, 32, 32, 0, whole, 0, AF
736, 11, 11, 48, 32, 32, 0, whole, 0, AF
704, 11, 11, 64, 32, 32, 0, whole, 0, AF
672, 10, 10, 32, 32, 32, 0, whole, 0, AF
640, 10, 10, 64, 32, 32, 0, whole, 0, AF
1792, 28, 28, 64, 32, 32, 0, whole, 0, AF
1760, 27, 27, 32, 32, 32, 0, whole, 0, AF
1728, 27, 27, 64, 32, 32, 0, whole, 0, AF
1696, 26, 26, 48, 32, 32, 0, whole, 0, AF
1664, 26, 26, 64, 32, 32, 0, whole, 0, AF
608, 9, 9, 32, 32, 32, 0, whole, 0, AF
3168, 49, 49, 32, 32, 32, 0, whole, 0, AF
448, 7, 7, 64, 32, 32, 0, whole, 0, AF
480, 7, 7, 32, 32, 32, 0, whole, 0, AF
1568, 24, 24, 32, 32, 32, 0, whole, 0, AF
2112, 33, 33, 64, 32, 32, 0, whole, 0, AF
2144, 33, 33, 32, 32, 32, 0, whole, 0, AF
512, 8, 8, 64, 32, 32, 0, whole, 0, AF
2592, 40, 40, 32, 32, 32, 0, whole, 0, AF
3136, 49, 49, 64, 32, 32, 0, whole, 0, AF
416, 6, 6, 32, 32, 32, 0, whole, 0, AF
2176, 34, 34, 64, 32, 32, 0, whole, 0, AF
2208, 34, 34, 32, 32, 32, 0, whole, 0, AF
2240, 35, 35, 64, 32, 32, 0, whole, 0, AF
2272, 35, 35, 48, 32, 32, 0, whole, 0, AF
2304, 36, 36, 64, 32, 32, 0, whole, 0, AF
1920, 30, 30, 64, 32, 32, 0, whole, 0, AF
3392, 53, 53, 64, 32, 32, 0, whole, 0, AF
576, 9, 9, 64, 32, 32, 0, whole, 0, AF
384, 6, 6, 64, 32, 32, 0, whole, 0, AF
800, 12, 12, 32, 32, 32, 0, whole, 0, AF
2816, 44, 44, 64, 32, 32, 0, whole, 0, AF
2784, 43, 43, 32, 32, 32, 0, whole, 0, AF
2752, 43, 43, 64, 32, 32, 0, whole, 0, AF
2720, 42, 42, 32, 32, 32, 0, whole, 0, AF
2688, 42, 42, 64, 32, 32, 0, whole, 0, AF
1632, 25, 25, 32, 32, 32, 0, whole, 0, AF
1600, 25, 25, 64, 32, 32, 0, whole, 0, AF
3776, 59, 59, 64, 32, 32, 0, whole, 0, AF
3744, 58, 58, 32, 32, 32, 0, whole, 0, AF
3712, 58, 58, 64, 32, 32, 0, whole, 0, AF
2656, 41, 41, 48, 32, 32, 0, whole, 0, AF
2624, 41, 41, 64, 32, 32, 0, whole, 0, AF
2080, 32, 32, 48, 32, 32, 0, whole, 0, AF
1056, 16, 16, 32, 32, 32, 0, whole, 0, AF
128, 2, 2, 64, 32, 32, 0, whole, 0, AF
3008, 47, 47, 64, 32, 32, 0, whole, 0, AF
2976, 46, 46, 32, 32, 32, 0, whole, 0, AF
3584, 56, 56, 64, 32, 32, 0, whole, 0, AF
3552, 55, 55, 32, 32, 32, 0, whole, 0, AF
3520, 55, 55, 64, 32, 32, 0, whole, 0, AF
3488, 54, 54, 32, 32, 32, 0, whole, 0, AF
3456, 54, 54, 64, 32, 32, 0, whole, 0, AF
2400, 37, 37, 32, 32, 32, 0, whole, 0, AF
2368, 37, 37, 64, 32, 32, 0, whole, 0, AF
3872, 60, 60, 32, 32, 32, 0, whole, 0, AF
4064, 63, 63, 32, 32, 32, 0, whole, 0, AF
4032, 63, 63, 64, 32, 32, 0, whole, 0, AF
4000, 62, 62, 48, 32, 32, 0, whole, 0, AF
3424, 53, 53, 48, 32, 32, 0, whole, 0, AF
160, 2, 2, 48, 32, 32, 0, whole, 0, AF
2912, 45, 45, 32, 32, 32, 0, whole, 0, AF
2880, 45, 45, 64, 32, 32, 0, whole, 0, AF
2336, 36, 36, 32, 32, 32, 0, whole, 0, AF
1280, 20, 20, 64, 32, 32, 0, whole, 0, AF
1248, 19, 19, 32, 32, 32, 0, whole, 0, AF
1216, 19, 19, 64, 32, 32, 0, whole, 0, AF
1184, 18, 18, 32, 32, 32, 0, whole, 0, AF
1152, 18, 18, 64, 32, 32, 0, whole, 0, AF
1024, 16, 16, 64, 32, 32, 0, whole, 0, AF
992, 15, 15, 32, 32, 32, 0, whole, 0, AF
960, 15, 15, 64, 32, 32, 0, whole, 0, AF
928, 14, 14, 48, 32, 32, 0, whole, 0, AF
896, 14, 14, 64, 32, 32, 0, whole, 0, AF
1888, 29, 29, 48, 32, 32, 0, whole, 0, AF
1856, 29, 29, 64, 32, 32, 0, whole, 0, AF
1088, 17, 17, 64, 32, 32, 0, whole, 0, AF
1984, 31, 31, 64, 32, 32, 0, whole, 0, AF
288, 4, 4, 32, 32, 32, 0, whole, 0, AF
832, 13, 13, 64, 32, 32, 0, whole, 0, AF
864, 13, 13, 32, 32, 32, 0, whole, 0, AF
0, 0, 0, 64, 32, 32, 0, whole, 0, AF
32, 0, 0, 32, 32, 32, 0, whole, 0, AF
64, 1, 1, 64, 32, 32, 0, whole, 0, AF
544, 8, 8, 48, 32, 32, 0, whole, 0, AF
1952, 30, 30, 32, 32, 32, 0, whole, 0, AF
1120, 17, 17, 48, 32, 32, 0, whole, 0, AF
192, 3, 3, 64, 32, 32, 0, whole, 0, T
224, 3, 3, 32, 32, 32, 0, whole, 0, AF
256, 4, 4, 64, 32, 32, 0, whole, 0, AF
96, 1, 1, 32, 32, 32, 0, whole, 0, AF
1312, 20, 20, 48, 32, 32, 0, whole, 0, AF
3968, 62, 62, 64, 32, 32, 0, whole, 0, AF
2560, 40, 40, 64, 32, 32, 0, whole, 0, AF
2528, 39, 39, 32, 32, 32, 0, whole, 0, AF
2496, 39, 39, 64, 32, 32, 0, whole, 0, AF
2464, 38, 38, 48, 32, 32, 0, whole, 0, AF
2432, 38, 38, 64, 32, 32, 0, whole, 0, AF
1376, 21, 21, 32, 32, 32, 0, whole, 0, AF
1344, 21, 21, 64, 32, 32, 0, whole, 0, AF
2848, 44, 44, 48, 32, 32, 0, whole, 0, AF
3680, 57, 57, 32, 32, 32, 0, whole, 0, AF
3648, 57, 57, 64, 32, 32, 0, whole, 0, AF
3104, 48, 48, 32, 32, 32, 0, whole, 0, AF
3072, 48, 48, 64, 32, 32, 0, whole, 0, AF
3040, 47, 47, 48, 32, 32, 0, whole, 0, AF
cluster 28
140405256790016, 1
0, 0, 0, 64, 4096, 262144, 8192, middle, 0, AJ
140405256859648, 1
0, 0, 0, 64, 4096, 262144, 77824, middle, 0, AJ
140405256908800, 1
0, 0, 0, 64, 4096, 262144, 126976, middle, 0, AJ
cluster 31
140405059764224, 1
0, 0, 0, 64, 4096, 16384, 8192, middle, 0, M
140405060079616, 1
0, 0, 0, 64, 4096, 16384, 8192, middle, 0, M
140405060083712, 1
0, 0, 0, 64, 4096, 16384, 12288, last, 0, M
cluster 32
140404711878656, 103
3640, 56, 56, 8, 40, 40, 0, whole, 0, AF
3680, 57, 57, 32, 40, 40, 0, whole, 0, AF
3080, 48, 48, 8, 40, 40, 0, whole, 0, AF
3120, 48, 48, 16, 40, 40, 0, whole, 0, AF
3160, 49, 49, 8, 40, 40, 0, whole, 0, AF
2560, 40, 40, 64, 40, 40, 0, whole, 0, AF
3920, 61, 61, 16, 40, 40, 0, whole, 0, AF
3960, 61, 61, 8, 40, 40, 0, whole, 0, AF
4000, 62, 62, 48, 40, 40, 0, whole, 0, AF
2960, 46, 46, 16, 40, 40, 0, whole, 0, AF
3000, 46, 46, 8, 40, 40, 0, whole, 0, AF
3040, 47, 47, 48, 40, 40, 0, whole, 0, AF
2440, 38, 38, 8, 40, 40, 0, whole, 0, AF
2480, 38, 38, 16, 40, 40, 0, whole, 0, AF
2520, 39, 39, 8, 40, 40, 0, whole, 0, AF
2600, 40, 40, 8, 40, 40, 0, whole, 0, AF
1440, 22, 22, 32, 40, 40, 0, whole, 0, AF
3400, 53, 53, 8, 40, 40, 0, whole, 0, AF
3440, 53, 53, 16, 40, 40, 0, whole, 0, AF
3480, 54, 54, 8, 40, 40, 0, whole, 0, AF
320, 5, 5, 64, 40, 40, 0, whole, 0, AF
1000, 15, 15, 8, 40, 40, 0, whole, 0, AF
80, 1, 1, 16, 40, 40, 0, whole, 0, AF
120, 1, 1, 8, 40, 40, 0, whole, 0, AF
2200, 34, 34, 8, 40, 40, 0, whole, 0, AF
160, 2, 2, 48, 40, 40, 0, whole, 0, AF
2120, 33, 33, 8, 40, 40, 0, whole, 0, AF
2160, 33, 33, 16, 40, 40, 0, whole, 0, AF
1320, 20, 20, 8, 40, 40, 0, whole, 0, AF
2000, 31, 31, 16, 40, 40, 0, whole, 0, AF
840, 13, 13, 8, 40, 40, 0, whole, 0, AF
880, 13, 13, 48, 40, 40, 0, whole, 0, AF
920, 14, 14, 8, 40, 40, 0, whole, 0, AF
2360, 36, 36, 8, 40, 40, 0, whole, 0, AF
2400, 37, 37, 32, 40, 40, 0, whole, 0, AF
1800, 28, 28, 8, 40, 40, 0, whole, 0, AF
1840, 28, 28, 48, 40, 40, 0, whole, 0, AF
1880, 29, 29, 8, 40, 40, 0, whole, 0, AF
3280, 51, 51, 48, 40, 40, 0, whole, 0, AF
360, 5, 5, 8, 40, 40, 0, whole, 0, AF
1040, 16, 16, 16, 40, 40, 0, whole, 0, AF
1080, 16, 16, 8, 40, 40, 0, whole, 0, AF
1120, 17, 17, 48, 40, 40, 0, whole, 0, AF
520, 8, 8, 8, 40, 40, 0, whole, 0, AF
560, 8, 8, 16, 40, 40, 0, whole, 0, AF
600, 9, 9, 8, 40, 40, 0, whole, 0, AF
1280, 20, 20, 64, 40, 40, 0, whole, 0, AF
1360, 21, 21, 48, 40, 40, 0, whole, 0, AF
1400, 21, 21, 8, 40, 40, 0, whole, 0, AF
1920, 30, 30, 64, 40, 40, 0, whole, 0, AF
40, 0, 0, 8, 40, 40, 0, whole, 0, AF
720, 11, 11, 16, 40, 40, 0, whole, 0, AF
760, 11, 11, 8, 40, 40, 0, whole, 0, AF
800, 12, 12, 32, 40, 40, 0, whole, 0, AF
200, 3, 3, 8, 40, 40, 0, whole, 0, AF
240, 3, 3, 16, 40, 40, 0, whole, 0, AF
280, 4, 4, 8, 40, 40, 0, whole, 0, AF
0, 0, 0, 64, 40, 40, 0, whole, 0, AF
2680, 41, 41, 8, 40, 40, 0, whole, 0, AF
2720, 42, 42, 32, 40, 40, 0, whole, 0, AF
1600, 25, 25, 64, 40, 40, 0, whole, 0, AF
2280, 35, 35, 8, 40, 40, 0, whole, 0, AF
400, 6, 6, 48, 40, 40, 0, whole, 0, AF
440, 6, 6, 8, 40, 40, 0, whole, 0, AF
1720, 26, 26, 8, 40, 40, 0, whole, 0, AF
1760, 27, 27, 32, 40, 40, 0, whole, 0, AF
1160, 18, 18, 8, 40, 40, 0, whole, 0, AF
1200, 18, 18, 16, 40, 40, 0, whole, 0, AF
1240, 19, 19, 8, 40, 40, 0, whole, 0, AF
3200, 50, 50, 64, 40, 40, 0, whole, 0, AF
480, 7, 7, 32, 40, 40, 0, whole, 0, AF
1960, 30, 30, 8, 40, 40, 0, whole, 0, AF
960, 15, 15, 64, 40, 40, 0, whole, 0, AF
2040, 31, 31, 8, 40, 40, 0, whole, 0, AF
2080, 32, 32, 48, 40, 40, 0, whole, 0, AF
1480, 23, 23, 8, 40, 40, 0, whole, 0, AF
1520, 23, 23, 16, 40, 40, 0, whole, 0, AF
1560, 24, 24, 8, 40, 40, 0, whole, 0, AF
3520, 55, 55, 64, 40, 40, 0, whole, 0, AF
3560, 55, 55, 8, 40, 40, 0, whole, 0, AF
1680, 26, 26, 16, 40, 40, 0, whole, 0, AF
1640, 25, 25, 8, 40, 40, 0, whole, 0, AF
2320, 36, 36, 48, 40, 40, 0, whole, 0, AF
680, 10, 10, 8, 40, 40, 0, whole, 0, AF
640, 10, 10, 64, 40, 40, 0, whole, 0, AF
3320, 51, 51, 8, 40, 40, 0, whole, 0, AF
3360, 52, 52, 32, 40, 40, 0, whole, 0, AF
2760, 43, 43, 8, 40, 40, 0, whole, 0, AF
2800, 43, 43, 48, 40, 40, 0, whole, 0, AF
2840, 44, 44, 8, 40, 40, 0, whole, 0, AF
2920, 45, 45, 8, 40, 40, 0, whole, 0, AF
3600, 56, 56, 16, 40, 40, 0, whole, 0, AF
3760, 58, 58, 48, 40, 40, 0, whole, 0, AF
3800, 59, 59, 8, 40, 40, 0, whole, 0, AF
3880, 60, 60, 8, 40, 40, 0, whole, 0, AF
4040, 63, 63, 8, 40, 40, 0, whole, 0, AF
4080, 63, 63, 16, 16, 40, 0, first, 0, AF
2880, 45, 45, 64, 40, 40, 0, whole, 0, AF
3240, 50, 50, 8, 40, 40, 0, whole, 0, AF
3720, 58, 58, 8, 40, 40, 0, whole, 0, AF
2640, 41, 41, 16, 40, 40, 0, whole, 0, AF
2240, 35, 35, 64, 40, 40, 0, whole, 0, AF
3840, 60, 60, 64, 40, 40, 0, whole, 0, AF
cluster 33
140405256429568, 1
0, 0, 0, 64, 4096, 324096, 245760, middle, 0, H
140405256437760, 1
0, 0, 0, 64, 4096, 324096, 253952, middle, 0, H
140405256478720, 1
0, 0, 0, 64, 4096, 324096, 294912, middle, 0, H
cluster 46
140405255716864, 32
2816, 44, 44, 64, 128, 128, 0, whole, 0, AK
3328, 52, 52, 64, 128, 128, 0, whole, 0, AK
3456, 54, 54, 64, 128, 128, 0, whole, 0, AK
3584, 56, 56, 64, 128, 128, 0, whole, 0, AK
3712, 58, 58, 64, 128, 128, 0, whole, 0, AK
896, 14, 14, 64, 128, 128, 0, whole, 0, AK
1024, 16, 16, 64, 128, 128, 0, whole, 0, AK
2304, 36, 36, 64, 128, 128, 0, whole, 0, AK
2432, 38, 38, 64, 128, 128, 0, whole, 0, AK
2560, 40, 40, 64, 128, 128, 0, whole, 0, AK
2688, 42, 42, 64, 128, 128, 0, whole, 0, AK
3200, 50, 50, 64, 128, 128, 0, whole, 0, AK
3968, 62, 62, 64, 128, 128, 0, whole, 0, AK
1280, 20, 20, 64, 128, 128, 0, whole, 0, AK
1408, 22, 22, 64, 128, 128, 0, whole, 0, AK
1536, 24, 24, 64, 128, 128, 0, whole, 0, AK
1664, 26, 26, 64, 128, 128, 0, whole, 0, AK
3840, 60, 60, 64, 128, 128, 0, whole, 0, AK
2176, 34, 34, 64, 128, 128, 0, whole, 0, AK
0, 0, 0, 64, 128, 128, 0, whole, 0, AK
1920, 30, 30, 64, 128, 128, 0, whole, 0, AK
2048, 32, 32, 64, 128, 128, 0, whole, 0, AK
768, 12, 12, 64, 128, 128, 0, whole, 0, AK
2944, 46, 46, 64, 128, 128, 0, whole, 0, AK
3072, 48, 48, 64, 128, 128, 0, whole, 0, AK
1152, 18, 18, 64, 128, 128, 0, whole, 0, AK
640, 10, 10, 64, 128, 128, 0, whole, 0, AK
1792, 28, 28, 64, 128, 128, 0, whole, 0, AK
128, 2, 2, 64, 128, 128, 0, whole, 0, AK
256, 4, 4, 64, 128, 128, 0, whole, 0, AK
384, 6, 6, 64, 128, 128, 0, whole, 0, AK
512, 8, 8, 64, 128, 128, 0, whole, 0, AK
140405255720960, 29
3456, 54, 54, 64, 128, 128, 0, whole, 0, AK
3584, 56, 56, 64, 128, 128, 0, whole, 0, AK
1792, 28, 28, 64, 128, 128, 0, whole, 0, AK
2688, 42, 42, 64, 128, 128, 0, whole, 0, AK
3200, 50, 50, 64, 128, 128, 0, whole, 0, AK
1664, 26, 26, 64, 128, 128, 0, whole, 0, AK
3328, 52, 52, 64, 128, 128, 0, whole, 0, AK
2432, 38, 38, 64, 128, 128, 0, whole, 0, AK
2304, 36, 36, 64, 128, 128, 0, whole, 0, AK
2176, 34, 34, 64, 128, 128, 0, whole, 0, AK
512, 8, 8, 64, 128, 128, 0, whole, 0, AK
1024, 16, 16, 64, 128, 128, 0, whole, 0, AK
896, 14, 14, 64, 128, 128, 0, whole, 0, AK
2560, 40, 40, 64, 128, 128, 0, whole, 0, AK
384, 6, 6, 64, 128, 128, 0, whole, 0, AK
768, 12, 12, 64, 128, 128, 0, whole, 0, AK
2816, 44, 44, 64, 128, 128, 0, whole, 0, AK
640, 10, 10, 64, 128, 128, 0, whole, 0, AK
128, 2, 2, 64, 128, 128, 0, whole, 0, AK
256, 4, 4, 64, 128, 128, 0, whole, 0, AK
0, 0, 0, 64, 128, 128, 0, whole, 0, AK
2048, 32, 32, 64, 128, 128, 0, whole, 0, AK
1920, 30, 30, 64, 128, 128, 0, whole, 0, AK
1536, 24, 24, 64, 128, 128, 0, whole, 0, AK
1408, 22, 22, 64, 128, 128, 0, whole, 0, AK
1280, 20, 20, 64, 128, 128, 0, whole, 0, AK
1152, 18, 18, 64, 128, 128, 0, whole, 0, AK
3072, 48, 48, 64, 128, 128, 0, whole, 0, AK
2944, 46, 46, 64, 128, 128, 0, whole, 0, AK
140405255753728, 2
512, 8, 8, 64, 256, 256, 0, whole, 1, AT
512, 8, 8, 64, 248, 248, 0, whole, 0, AR
cluster 50
140405256052736, 256
4064, 63, 63, 32, 16, 16, 0, whole, 0, AF
4080, 63, 63, 16, 16, 16, 0, whole, 0, AF
3888, 60, 60, 16, 16, 16, 0, whole, 0, AF
3904, 61, 61, 64, 16, 16, 0, whole, 0, AF
3920, 61, 61, 16, 16, 16, 0, whole, 0, AF
3936, 61, 61, 32, 16, 16, 0, whole, 0, AF
3952, 61, 61, 48, 16, 16, 0, whole, 0, AF
3968, 62, 62, 64, 16, 16, 0, whole, 0, AF
176, 2, 2, 16, 16, 16, 0, whole, 0, AF
192, 3, 3, 64, 16, 16, 0, whole, 0, AF
208, 3, 3, 48, 16, 16, 0, whole, 0, AF
224, 3, 3, 32, 16, 16, 0, whole, 0, AF
240, 3, 3, 16, 16, 16, 0, whole, 0, AF
256, 4, 4, 64, 16, 16, 0, whole, 0, AF
48, 0, 0, 16, 16, 16, 0, whole, 0, AF
64, 1, 1, 64, 16, 16, 0, whole, 0, AF
288, 4, 4, 32, 16, 16, 0, whole, 0, AF
144, 2, 2, 16, 16, 16, 0, whole, 0, AF
160, 2, 2, 48, 16, 16, 0, whole, 0, AF
688, 10, 10, 48, 16, 16, 0, whole, 0, AF
704, 11, 11, 64, 16, 16, 0, whole, 0, AF
720, 11, 11, 16, 16, 16, 0, whole, 0, AF
736, 11, 11, 48, 16, 16, 0, whole, 0, AF
752, 11, 11, 16, 16, 16, 0, whole, 0, AF
768, 12, 12, 64, 16, 16, 0, whole, 0, AF
16, 0, 0, 48, 16, 16, 0, whole, 0, AF
32, 0, 0, 32, 16, 16, 0, whole, 0, AF
560, 8, 8, 16, 16, 16, 0, whole, 0, AF
576, 9, 9, 64, 16, 16, 0, whole, 0, AF
592, 9, 9, 48, 16, 16, 0, whole, 0, AF
608, 9, 9, 32, 16, 16, 0, whole, 0, AF
624, 9, 9, 16, 16, 16, 0, whole, 0, AF
640, 10, 10, 64, 16, 16, 0, whole, 0, AF
912, 14, 14, 16, 16, 16, 0, whole, 0, AF
928, 14, 14, 48, 16, 16, 0, whole, 0, AF
432, 6, 6, 16, 16, 16, 0, whole, 0, AF
448, 7, 7, 64, 16, 16, 0, whole, 0, AF
464, 7, 7, 16, 16, 16, 0, whole, 0, AF
480, 7, 7, 32, 16, 16, 0, whole, 0, AF
496, 7, 7, 48, 16, 16, 0, whole, 0, AF
512, 8, 8, 64, 16, 16, 0, whole, 0, AF
784, 12, 12, 48, 16, 16, 0, whole, 0, AF
800, 12, 12, 32, 16, 16, 0, whole, 0, AF
304, 4, 4, 48, 16, 16, 0, whole, 0, AF
320, 5, 5, 64, 16, 16, 0, whole, 0, AF
336, 5, 5, 16, 16, 16, 0, whole, 0, AF
352, 5, 5, 48, 16, 16, 0, whole, 0, AF
368, 5, 5, 16, 16, 16, 0, whole, 0, AF
384, 6, 6, 64, 16, 16, 0, whole, 0, AF
656, 10, 10, 16, 16, 16, 0, whole, 0, AF
672, 10, 10, 32, 16, 16, 0, whole, 0, AF
1200, 18, 18, 16, 16, 16, 0, whole, 0, AF
1216, 19, 19, 64, 16, 16, 0, whole, 0, AF
1232, 19, 19, 16, 16, 16, 0, whole, 0, AF
1248, 19, 19, 32, 16, 16, 0, whole, 0, AF
1264, 19, 19, 48, 16, 16, 0, whole, 0, AF
1280, 20, 20, 64, 16, 16, 0, whole, 0, AF
528, 8, 8, 16, 16, 16, 0, whole, 0, AF
544, 8, 8, 48, 16, 16, 0, whole, 0, AF
1072, 16, 16, 48, 16, 16, 0, whole, 0, AF
1088, 17, 17, 64, 16, 16, 0, whole, 0, AF
1104, 17, 17, 16, 16, 16, 0, whole, 0, AF
1120, 17, 17, 48, 16, 16, 0, whole, 0, AF
1136, 17, 17, 16, 16, 16, 0, whole, 0, AF
1152, 18, 18, 64, 16, 16, 0, whole, 0, AF
1424, 22, 22, 16, 16, 16, 0, whole, 0, AF
1440, 22, 22, 32, 16, 16, 0, whole, 0, AF
944, 14, 14, 16, 16, 16, 0, whole, 0, AF
960, 15, 15, 64, 16, 16, 0, whole, 0, AF
976, 15, 15, 48, 16, 16, 0, whole, 0, AF
992, 15, 15, 32, 16, 16, 0, whole, 0, AF
1008, 15, 15, 16, 16, 16, 0, whole, 0, AF
1024, 16, 16, 64, 16, 16, 0, whole, 0, AF
1296, 20, 20, 16, 16, 16, 0, whole, 0, AF
1312, 20, 20, 48, 16, 16, 0, whole, 0, AF
816, 12, 12, 16, 16, 16, 0, whole, 0, AF
832, 13, 13, 64, 16, 16, 0, whole, 0, AF
848, 13, 13, 16, 16, 16, 0, whole, 0, AF
864, 13, 13, 32, 16, 16, 0, whole, 0, AF
880, 13, 13, 48, 16, 16, 0, whole, 0, AF
896, 14, 14, 64, 16, 16, 0, whole, 0, AF
1168, 18, 18, 48, 16, 16, 0, whole, 0, AF
1184, 18, 18, 32, 16, 16, 0, whole, 0, AF
1712, 26, 26, 16, 16, 16, 0, whole, 0, AF
1728, 27, 27, 64, 16, 16, 0, whole, 0, AF
1744, 27, 27, 48, 16, 16, 0, whole, 0, AF
1760, 27, 27, 32, 16, 16, 0, whole, 0, AF
1776, 27, 27, 16, 16, 16, 0, whole, 0, AF
1792, 28, 28, 64, 16, 16, 0, whole, 0, AF
1040, 16, 16, 16, 16, 16, 0, whole, 0, AF
1056, 16, 16, 32, 16, 16, 0, whole, 0, AF
1584, 24, 24, 16, 16, 16, 0, whole, 0, AF
1600, 25, 25, 64, 16, 16, 0, whole, 0, AF
1616, 25, 25, 16, 16, 16, 0, whole, 0, AF
1632, 25, 25, 32, 16, 16, 0, whole, 0, AF
1648, 25, 25, 48, 16, 16, 0, whole, 0, AF
1664, 26, 26, 64, 16, 16, 0, whole, 0, AF
1936, 30, 30, 48, 16, 16, 0, whole, 0, AF
1952, 30, 30, 32, 16, 16, 0, whole, 0, AF
1456, 22, 22, 48, 16, 16, 0, whole, 0, AF
1472, 23, 23, 64, 16, 16, 0, whole, 0, AF
1488, 23, 23, 16, 16, 16, 0, whole, 0, AF
1504, 23, 23, 48, 16, 16, 0, whole, 0, AF
1520, 23, 23, 16, 16, 16, 0, whole, 0, AF
1536, 24, 24, 64, 16, 16, 0, whole, 0, AF
1808, 28, 28, 16, 16, 16, 0, whole, 0, AF
1824, 28, 28, 32, 16, 16, 0, whole, 0, AF
1328, 20, 20, 16, 16, 16, 0, whole, 0, AF
1344, 21, 21, 64, 16, 16, 0, whole, 0, AF
1360, 21, 21, 48, 16, 16, 0, whole, 0, AF
1376, 21, 21, 32, 16, 16, 0, whole, 0, AF
1392, 21, 21, 16, 16, 16, 0, whole, 0, AF
1408, 22, 22, 64, 16, 16, 0, whole, 0, AF
1680, 26, 26, 16, 16, 16, 0, whole, 0, AF
1696, 26, 26, 48, 16, 16, 0, whole, 0, AF
2224, 34, 34, 48, 16, 16, 0, whole, 0, AF
2240, 35, 35, 64, 16, 16, 0, whole, 0, AF
2256, 35, 35, 16, 16, 16, 0, whole, 0, AF
2272, 35, 35, 48, 16, 16, 0, whole, 0, AF
2288, 35, 35, 16, 16, 16, 0, whole, 0, AF
2304, 36, 36, 64, 16, 16, 0, whole, 0, AF
1552, 24, 24, 48, 16, 16, 0, whole, 0, AF
1568, 24, 24, 32, 16, 16, 0, whole, 0, AF
2096, 32, 32, 16, 16, 16, 0, whole, 0, AF
2112, 33, 33, 64, 16, 16, 0, whole, 0, AF
2128, 33, 33, 48, 16, 16, 0, whole, 0, AF
2144, 33, 33, 32, 16, 16, 0, whole, 0, AF
2160, 33, 33, 16, 16, 16, 0, whole, 0, AF
2176, 34, 34, 64, 16, 16, 0, whole, 0, AF
2448, 38, 38, 16, 16, 16, 0, whole, 0, AF
2464, 38, 38, 48, 16, 16, 0, whole, 0, AF
1968, 30, 30, 16, 16, 16, 0, whole, 0, AF
1984, 31, 31, 64, 16, 16, 0, whole, 0, AF
2000, 31, 31, 16, 16, 16, 0, whole, 0, AF
2016, 31, 31, 32, 16, 16, 0, whole, 0, AF
2032, 31, 31, 48, 16, 16, 0, whole, 0, AF
2048, 32, 32, 64, 16, 16, 0, whole, 0, AF
2320, 36, 36, 48, 16, 16, 0, whole, 0, AF
2336, 36, 36, 32, 16, 16, 0, whole, 0, AF
1840, 28, 28, 48, 16, 16, 0, whole, 0, AF
1856, 29, 29, 64, 16, 16, 0, whole, 0, AF
1872, 29, 29, 16, 16, 16, 0, whole, 0, AF
1888, 29, 29, 48, 16, 16, 0, whole, 0, AF
1904, 29, 29, 16, 16, 16, 0, whole, 0, AF
1920, 30, 30, 64, 16, 16, 0, whole, 0, AF
2192, 34, 34, 16, 16, 16, 0, whole, 0, AF
2208, 34, 34, 32, 16, 16, 0, whole, 0, AF
2736, 42, 42, 16, 16, 16, 0, whole, 0, AF
2752, 43, 43, 64, 16, 16, 0, whole, 0, AF
2768, 43, 43, 16, 16, 16, 0, whole, 0, AF
2784, 43, 43, 32, 16, 16, 0, whole, 0, AF
2800, 43, 43, 48, 16, 16, 0, whole, 0, AF
2816, 44, 44, 64, 16, 16, 0, whole, 0, AF
2064, 32, 32, 16, 16, 16, 0, whole, 0, AF
2080, 32, 32, 48, 16, 16, 0, whole, 0, AF
2608, 40, 40, 48, 16, 16, 0, whole, 0, AF
2624, 41, 41, 64, 16, 16, 0, whole, 0, AF
2640, 41, 41, 16, 16, 16, 0, whole, 0, AF
2656, 41, 41, 48, 16, 16, 0, whole, 0, AF
2672, 41, 41, 16, 16, 16, 0, whole, 0, AF
2688, 42, 42, 64, 16, 16, 0, whole, 0, AF
2960, 46, 46, 16, 16, 16, 0, whole, 0, AF
2976, 46, 46, 32, 16, 16, 0, whole, 0, AF
2480, 38, 38, 16, 16, 16, 0, whole, 0, AF
2496, 39, 39, 64, 16, 16, 0, whole, 0, AF
2512, 39, 39, 48, 16, 16, 0, whole, 0, AF
2528, 39, 39, 32, 16, 16, 0, whole, 0, AF
2544, 39, 39, 16, 16, 16, 0, whole, 0, AF
2560, 40, 40, 64, 16, 16, 0, whole, 0, AF
2832, 44, 44, 16, 16, 16, 0, whole, 0, AF
2848, 44, 44, 48, 16, 16, 0, whole, 0, AF
2352, 36, 36, 16, 16, 16, 0, whole, 0, AF
2368, 37, 37, 64, 16, 16, 0, whole, 0, AF
2384, 37, 37, 16, 16, 16, 0, whole, 0, AF
2400, 37, 37, 32, 16, 16, 0, whole, 0, AF
2416, 37, 37, 48, 16, 16, 0, whole, 0, AF
2432, 38, 38, 64, 16, 16, 0, whole, 0, AF
2704, 42, 42, 48, 16, 16, 0, whole, 0, AF
2720, 42, 42, 32, 16, 16, 0, whole, 0, AF
3248, 50, 50, 16, 16, 16, 0, whole, 0, AF
3264, 51, 51, 64, 16, 16, 0, whole, 0, AF
3280, 51, 51, 48, 16, 16, 0, whole, 0, AF
3296, 51, 51, 32, 16, 16, 0, whole, 0, AF
3312, 51, 51, 16, 16, 16, 0, whole, 0, AF
3328, 52, 52, 64, 16, 16, 0, whole, 0, AF
2576, 40, 40, 16, 16, 16, 0, whole, 0, AF
2592, 40, 40, 32, 16, 16, 0, whole, 0, AF
3120, 48, 48, 16, 16, 16, 0, whole, 0, AF
3136, 49, 49, 64, 16, 16, 0, whole, 0, AF
3152, 49, 49, 16, 16, 16, 0, whole, 0, AF
3168, 49, 49, 32, 16, 16, 0, whole, 0, AF
3184, 49, 49, 48, 16, 16, 0, whole, 0, AF
3200, 50, 50, 64, 16, 16, 0, whole, 0, AF
3472, 54, 54, 48, 16, 16, 0, whole, 0, AF
3488, 54, 54, 32, 16, 16, 0, whole, 0, AF
2992, 46, 46, 48, 16, 16, 0, whole, 0, AF
3008, 47, 47, 64, 16, 16, 0, whole, 0, AF
3024, 47, 47, 16, 16, 16, 0, whole, 0, AF
3040, 47, 47, 48, 16, 16, 0, whole, 0, AF
3056, 47, 47, 16, 16, 16, 0, whole, 0, AF
3072, 48, 48, 64, 16, 16, 0, whole, 0, AF
3344, 52, 52, 16, 16, 16, 0, whole, 0, AF
3360, 52, 52, 32, 16, 16, 0, whole, 0, AF
2864, 44, 44, 16, 16, 16, 0, whole, 0, AF
2880, 45, 45, 64, 16, 16, 0, whole, 0, AF
2896, 45, 45, 48, 16, 16, 0, whole, 0, AF
2912, 45, 45, 32, 16, 16, 0, whole, 0, AF
2928, 45, 45, 16, 16, 16, 0, whole, 0, AF
2944, 46, 46, 64, 16, 16, 0, whole, 0, AF
3216, 50, 50, 16, 16, 16, 0, whole, 0, AF
3232, 50, 50, 48, 16, 16, 0, whole, 0, AF
3760, 58, 58, 48, 16, 16, 0, whole, 0, AF
3776, 59, 59, 64, 16, 16, 0, whole, 0, AF
3792, 59, 59, 16, 16, 16, 0, whole, 0, AF
3808, 59, 59, 48, 16, 16, 0, whole, 0, AF
3824, 59, 59, 16, 16, 16, 0, whole, 0, AF
3840, 60, 60, 64, 16, 16, 0, whole, 0, AF
3088, 48, 48, 48, 16, 16, 0, whole, 0, AF
3104, 48, 48, 32, 16, 16, 0, whole, 0, AF
3632, 56, 56, 16, 16, 16, 0, whole, 0, AF
3648, 57, 57, 64, 16, 16, 0, whole, 0, AF
3664, 57, 57, 48, 16, 16, 0, whole, 0, AF
3680, 57, 57, 32, 16, 16, 0, whole, 0, AF
3696, 57, 57, 16, 16, 16, 0, whole, 0, AF
3712, 58, 58, 64, 16, 16, 0, whole, 0, AF
3984, 62, 62, 16, 16, 16, 0, whole, 0, AF
4000, 62, 62, 48, 16, 16, 0, whole, 0, AF
3504, 54, 54, 16, 16, 16, 0, whole, 0, AF
3520, 55, 55, 64, 16, 16, 0, whole, 0, AF
3536, 55, 55, 16, 16, 16, 0, whole, 0, AF
3552, 55, 55, 32, 16, 16, 0, whole, 0, AF
3568, 55, 55, 48, 16, 16, 0, whole, 0, AF
3584, 56, 56, 64, 16, 16, 0, whole, 0, AF
3856, 60, 60, 48, 16, 16, 0, whole, 0, AF
3872, 60, 60, 32, 16, 16, 0, whole, 0, AF
3376, 52, 52, 48, 16, 16, 0, whole, 0, AF
3392, 53, 53, 64, 16, 16, 0, whole, 0, AF
3408, 53, 53, 16, 16, 16, 0, whole, 0, AF
3424, 53, 53, 48, 16, 16, 0, whole, 0, AF
3440, 53, 53, 16, 16, 16, 0, whole, 0, AF
3456, 54, 54, 64, 16, 16, 0, whole, 0, AF
3728, 58, 58, 16, 16, 16, 0, whole, 0, AF
3744, 58, 58, 32, 16, 16, 0, whole, 0, AF
3600, 56, 56, 16, 16, 16, 0, whole, 0, AF
3616, 56, 56, 48, 16, 16, 0, whole, 0, AF
4016, 62, 62, 16, 16, 16, 0, whole, 0, AF
4032, 63, 63, 64, 16, 16, 0, whole, 0, AF
4048, 63, 63, 48, 16, 16, 0, whole, 0, AF
80, 1, 1, 16, 16, 16, 0, whole, 0, AF
96, 1, 1, 32, 16, 16, 0, whole, 0, AF
112, 1, 1, 48, 16, 16, 0, whole, 0, AF
128, 2, 2, 64, 16, 16, 0, whole, 0, AF
400, 6, 6, 48, 16, 16, 0, whole, 0, AF
416, 6, 6, 32, 16, 16, 0, whole, 0, AF
0, 0, 0, 64, 16, 16, 0, whole, 0, AF
272, 4, 4, 16, 16, 16, 0, whole, 0, AF
140405256065024, 256
80, 1, 1, 16, 16, 16, 0, whole, 0, AF
96, 1, 1, 32, 16, 16, 0, whole, 0, AF
112, 1, 1, 48, 16, 16, 0, whole, 0, AF
176, 2, 2, 16, 16, 16, 0, whole, 0, AF
192, 3, 3, 64, 16, 16, 0, whole, 0, AF
208, 3, 3, 48, 16, 16, 0, whole, 0, AF
224, 3, 3, 32, 16, 16, 0, whole, 0, AF
240, 3, 3, 16, 16, 16, 0, whole, 0, AF
3888, 60, 60, 16, 16, 16, 0, whole, 0, AF
3904, 61, 61, 64, 16, 16, 0, whole, 0, AF
3920, 61, 61, 16, 16, 16, 0, whole, 0, AF
3936, 61, 61, 32, 16, 16, 0, whole, 0, AF
3952, 61, 61, 48, 16, 16, 0, whole, 0, AF
4016, 62, 62, 16, 16, 16, 0, whole, 0, AF
4032, 63, 63, 64, 16, 16, 0, whole, 0, AF
4048, 63, 63, 48, 16, 16, 0, whole, 0, AF
3424, 53, 53, 48, 16, 16, 0, whole, 0, AF
3440, 53, 53, 16, 16, 16, 0, whole, 0, AF
3712, 58, 58, 64, 16, 16, 0, whole, 0, AF
3984, 62, 62, 16, 16, 16, 0, whole, 0, AF
4000, 62, 62, 48, 16, 16, 0, whole, 0, AF
3504, 54, 54, 16, 16, 16, 0, whole, 0, AF
3520, 55, 55, 64, 16, 16, 0, whole, 0, AF
3536, 55, 55, 16, 16, 16, 0, whole, 0, AF
3552, 55, 55, 32, 16, 16, 0, whole, 0, AF
3568, 55, 55, 48, 16, 16, 0, whole, 0, AF
3968, 62, 62, 64, 16, 16, 0, whole, 0, AF
3760, 58, 58, 48, 16, 16, 0, whole, 0, AF
3776, 59, 59, 64, 16, 16, 0, whole, 0, AF
3792, 59, 59, 16, 16, 16, 0, whole, 0, AF
3808, 59, 59, 48, 16, 16, 0, whole, 0, AF
3824, 59, 59, 16, 16, 16, 0, whole, 0, AF
3072, 48, 48, 64, 16, 16, 0, whole, 0, AF
3344, 52, 52, 16, 16, 16, 0, whole, 0, AF
3360, 52, 52, 32, 16, 16, 0, whole, 0, AF
2864, 44, 44, 16, 16, 16, 0, whole, 0, AF
2880, 45, 45, 64, 16, 16, 0, whole, 0, AF
2896, 45, 45, 48, 16, 16, 0, whole, 0, AF
2912, 45, 45, 32, 16, 16, 0, whole, 0, AF
2928, 45, 45, 16, 16, 16, 0, whole, 0, AF
3200, 50, 50, 64, 16, 16, 0, whole, 0, AF
3472, 54, 54, 48, 16, 16, 0, whole, 0, AF
3488, 54, 54, 32, 16, 16, 0, whole, 0, AF
2992, 46, 46, 48, 16, 16, 0, whole, 0, AF
3008, 47, 47, 64, 16, 16, 0, whole, 0, AF
3024, 47, 47, 16, 16, 16, 0, whole, 0, AF
3040, 47, 47, 48, 16, 16, 0, whole, 0, AF
3056, 47, 47, 16, 16, 16, 0, whole, 0, AF
3600, 56, 56, 16, 16, 16, 0, whole, 0, AF
3616, 56, 56, 48, 16, 16, 0, whole, 0, AF
3456, 54, 54, 64, 16, 16, 0, whole, 0, AF
3728, 58, 58, 16, 16, 16, 0, whole, 0, AF
3744, 58, 58, 32, 16, 16, 0, whole, 0, AF
768, 12, 12, 64, 16, 16, 0, whole, 0, AF
16, 0, 0, 48, 16, 16, 0, whole, 0, AF
32, 0, 0, 32, 16, 16, 0, whole, 0, AF
560, 8, 8, 16, 16, 16, 0, whole, 0, AF
576, 9, 9, 64, 16, 16, 0, whole, 0, AF
592, 9, 9, 48, 16, 16, 0, whole, 0, AF
608, 9, 9, 32, 16, 16, 0, whole, 0, AF
624, 9, 9, 16, 16, 16, 0, whole, 0, AF
144, 2, 2, 16, 16, 16, 0, whole, 0, AF
160, 2, 2, 48, 16, 16, 0, whole, 0, AF
688, 10, 10, 48, 16, 16, 0, whole, 0, AF
704, 11, 11, 64, 16, 16, 0, whole, 0, AF
720, 11, 11, 16, 16, 16, 0, whole, 0, AF
736, 11, 11, 48, 16, 16, 0, whole, 0, AF
752, 11, 11, 16, 16, 16, 0, whole, 0, AF
0, 0, 0, 64, 16, 16, 0, whole, 0, AF
272, 4, 4, 16, 16, 16, 0, whole, 0, AF
288, 4, 4, 32, 16, 16, 0, whole, 0, AF
128, 2, 2, 64, 16, 16, 0, whole, 0, AF
400, 6, 6, 48, 16, 16, 0, whole, 0, AF
416, 6, 6, 32, 16, 16, 0, whole, 0, AF
1280, 20, 20, 64, 16, 16, 0, whole, 0, AF
528, 8, 8, 16, 16, 16, 0, whole, 0, AF
544, 8, 8, 48, 16, 16, 0, whole, 0, AF
1072, 16, 16, 48, 16, 16, 0, whole, 0, AF
1088, 17, 17, 64, 16, 16, 0, whole, 0, AF
1104, 17, 17, 16, 16, 16, 0, whole, 0, AF
1120, 17, 17, 48, 16, 16, 0, whole, 0, AF
1136, 17, 17, 16, 16, 16, 0, whole, 0, AF
384, 6, 6, 64, 16, 16, 0, whole, 0, AF
656, 10, 10, 16, 16, 16, 0, whole, 0, AF
672, 10, 10, 32, 16, 16, 0, whole, 0, AF
1200, 18, 18, 16, 16, 16, 0, whole, 0, AF
1216, 19, 19, 64, 16, 16, 0, whole, 0, AF
1232, 19, 19, 16, 16, 16, 0, whole, 0, AF
1248, 19, 19, 32, 16, 16, 0, whole, 0, AF
1264, 19, 19, 48, 16, 16, 0, whole, 0, AF
512, 8, 8, 64, 16, 16, 0, whole, 0, AF
784, 12, 12, 48, 16, 16, 0, whole, 0, AF
800, 12, 12, 32, 16, 16, 0, whole, 0, AF
304, 4, 4, 48, 16, 16, 0, whole, 0, AF
320, 5, 5, 64, 16, 16, 0, whole, 0, AF
336, 5, 5, 16, 16, 16, 0, whole, 0, AF
352, 5, 5, 48, 16, 16, 0, whole, 0, AF
368, 5, 5, 16, 16, 16, 0, whole, 0, AF
640, 10, 10, 64, 16, 16, 0, whole, 0, AF
912, 14, 14, 16, 16, 16, 0, whole, 0, AF
928, 14, 14, 48, 16, 16, 0, whole, 0, AF
432, 6, 6, 16, 16, 16, 0, whole, 0, AF
448, 7, 7, 64, 16, 16, 0, whole, 0, AF
464, 7, 7, 16, 16, 16, 0, whole, 0, AF
480, 7, 7, 32, 16, 16, 0, whole, 0, AF
496, 7, 7, 48, 16, 16, 0, whole, 0, AF
1792, 28, 28, 64, 16, 16, 0, whole, 0, AF
1040, 16, 16, 16, 16, 16, 0, whole, 0, AF
1056, 16, 16, 32, 16, 16, 0, whole, 0, AF
1584, 24, 24, 16, 16, 16, 0, whole, 0, AF
1600, 25, 25, 64, 16, 16, 0, whole, 0, AF
1616, 25, 25, 16, 16, 16, 0, whole, 0, AF
1632, 25, 25, 32, 16, 16, 0, whole, 0, AF
1648, 25, 25, 48, 16, 16, 0, whole, 0, AF
896, 14, 14, 64, 16, 16, 0, whole, 0, AF
1168, 18, 18, 48, 16, 16, 0, whole, 0, AF
1184, 18, 18, 32, 16, 16, 0, whole, 0, AF
1712, 26, 26, 16, 16, 16, 0, whole, 0, AF
1728, 27, 27, 64, 16, 16, 0, whole, 0, AF
1744, 27, 27, 48, 16, 16, 0, whole, 0, AF
1760, 27, 27, 32, 16, 16, 0, whole, 0, AF
1776, 27, 27, 16, 16, 16, 0, whole, 0, AF
1024, 16, 16, 64, 16, 16, 0, whole, 0, AF
1296, 20, 20, 16, 16, 16, 0, whole, 0, AF
1312, 20, 20, 48, 16, 16, 0, whole, 0, AF
816, 12, 12, 16, 16, 16, 0, whole, 0, AF
832, 13, 13, 64, 16, 16, 0, whole, 0, AF
848, 13, 13, 16, 16, 16, 0, whole, 0, AF
864, 13, 13, 32, 16, 16, 0, whole, 0, AF
880, 13, 13, 48, 16, 16, 0, whole, 0, AF
1152, 18, 18, 64, 16, 16, 0, whole, 0, AF
1424, 22, 22, 16, 16, 16, 0, whole, 0, AF
1440, 22, 22, 32, 16, 16, 0, whole, 0, AF
944, 14, 14, 16, 16, 16, 0, whole, 0, AF
960, 15, 15, 64, 16, 16, 0, whole, 0, AF
976, 15, 15, 48, 16, 16, 0, whole, 0, AF
992, 15, 15, 32, 16, 16, 0, whole, 0, AF
1008, 15, 15, 16, 16, 16, 0, whole, 0, AF
2304, 36, 36, 64, 16, 16, 0, whole, 0, AF
1552, 24, 24, 48, 16, 16, 0, whole, 0, AF
1568, 24, 24, 32, 16, 16, 0, whole, 0, AF
2096, 32, 32, 16, 16, 16, 0, whole, 0, AF
2112, 33, 33, 64, 16, 16, 0, whole, 0, AF
2128, 33, 33, 48, 16, 16, 0, whole, 0, AF
2144, 33, 33, 32, 16, 16, 0, whole, 0, AF
2160, 33, 33, 16, 16, 16, 0, whole, 0, AF
1408, 22, 22, 64, 16, 16, 0, whole, 0, AF
1680, 26, 26, 16, 16, 16, 0, whole, 0, AF
1696, 26, 26, 48, 16, 16, 0, whole, 0, AF
2224, 34, 34, 48, 16, 16, 0, whole, 0, AF
2240, 35, 35, 64, 16, 16, 0, whole, 0, AF
2256, 35, 35, 16, 16, 16, 0, whole, 0, AF
2272, 35, 35, 48, 16, 16, 0, whole, 0, AF
2288, 35, 35, 16, 16, 16, 0, whole, 0, AF
1536, 24, 24, 64, 16, 16, 0, whole, 0, AF
1808, 28, 28, 16, 16, 16, 0, whole, 0, AF
1824, 28, 28, 32, 16, 16, 0, whole, 0, AF
1328, 20, 20, 16, 16, 16, 0, whole, 0, AF
1344, 21, 21, 64, 16, 16, 0, whole, 0, AF
1360, 21, 21, 48, 16, 16, 0, whole, 0, AF
1376, 21, 21, 32, 16, 16, 0, whole, 0, AF
1392, 21, 21, 16, 16, 16, 0, whole, 0, AF
1664, 26, 26, 64, 16, 16, 0, whole, 0, AF
1936, 30, 30, 48, 16, 16, 0, whole, 0, AF
1952, 30, 30, 32, 16, 16, 0, whole, 0, AF
1456, 22, 22, 48, 16, 16, 0, whole, 0, AF
1472, 23, 23, 64, 16, 16, 0, whole, 0, AF
1488, 23, 23, 16, 16, 16, 0, whole, 0, AF
1504, 23, 23, 48, 16, 16, 0, whole, 0, AF
1520, 23, 23, 16, 16, 16, 0, whole, 0, AF
2816, 44, 44, 64, 16, 16, 0, whole, 0, AF
2064, 32, 32, 16, 16, 16, 0, whole, 0, AF
2080, 32, 32, 48, 16, 16, 0, whole, 0, AF
2608, 40, 40, 48, 16, 16, 0, whole, 0, AF
2624, 41, 41, 64, 16, 16, 0, whole, 0, AF
2640, 41, 41, 16, 16, 16, 0, whole, 0, AF
2656, 41, 41, 48, 16, 16, 0, whole, 0, AF
2672, 41, 41, 16, 16, 16, 0, whole, 0, AF
1920, 30, 30, 64, 16, 16, 0, whole, 0, AF
2192, 34, 34, 16, 16, 16, 0, whole, 0, AF
2208, 34, 34, 32, 16, 16, 0, whole, 0, AF
2736, 42, 42, 16, 16, 16, 0, whole, 0, AF
2752, 43, 43, 64, 16, 16, 0, whole, 0, AF
2768, 43, 43, 16, 16, 16, 0, whole, 0, AF
2784, 43, 43, 32, 16, 16, 0, whole, 0, AF
2800, 43, 43, 48, 16, 16, 0, whole, 0, AF
2048, 32, 32, 64, 16, 16, 0, whole, 0, AF
2320, 36, 36, 48, 16, 16, 0, whole, 0, AF
2336, 36, 36, 32, 16, 16, 0, whole, 0, AF
1840, 28, 28, 48, 16, 16, 0, whole, 0, AF
1856, 29, 29, 64, 16, 16, 0, whole, 0, AF
1872, 29, 29, 16, 16, 16, 0, whole, 0, AF
1888, 29, 29, 48, 16, 16, 0, whole, 0, AF
1904, 29, 29, 16, 16, 16, 0, whole, 0, AF
2176, 34, 34, 64, 16, 16, 0, whole, 0, AF
2448, 38, 38, 16, 16, 16, 0, whole, 0, AF
2464, 38, 38, 48, 16, 16, 0, whole, 0, AF
1968, 30, 30, 16, 16, 16, 0, whole, 0, AF
1984, 31, 31, 64, 16, 16, 0, whole, 0, AF
2000, 31, 31, 16, 16, 16, 0, whole, 0, AF
2016, 31, 31, 32, 16, 16, 0, whole, 0, AF
2032, 31, 31, 48, 16, 16, 0, whole, 0, AF
3328, 52, 52, 64, 16, 16, 0, whole, 0, AF
2576, 40, 40, 16, 16, 16, 0, whole, 0, AF
2592, 40, 40, 32, 16, 16, 0, whole, 0, AF
3120, 48, 48, 16, 16, 16, 0, whole, 0, AF
3136, 49, 49, 64, 16, 16, 0, whole, 0, AF
3152, 49, 49, 16, 16, 16, 0, whole, 0, AF
3168, 49, 49, 32, 16, 16, 0, whole, 0, AF
3184, 49, 49, 48, 16, 16, 0, whole, 0, AF
2432, 38, 38, 64, 16, 16, 0, whole, 0, AF
2704, 42, 42, 48, 16, 16, 0, whole, 0, AF
2720, 42, 42, 32, 16, 16, 0, whole, 0, AF
3248, 50, 50, 16, 16, 16, 0, whole, 0, AF
3264, 51, 51, 64, 16, 16, 0, whole, 0, AF
3280, 51, 51, 48, 16, 16, 0, whole, 0, AF
3296, 51, 51, 32, 16, 16, 0, whole, 0, AF
3312, 51, 51, 16, 16, 16, 0, whole, 0, AF
2560, 40, 40, 64, 16, 16, 0, whole, 0, AF
2832, 44, 44, 16, 16, 16, 0, whole, 0, AF
2848, 44, 44, 48, 16, 16, 0, whole, 0, AF
2352, 36, 36, 16, 16, 16, 0, whole, 0, AF
2368, 37, 37, 64, 16, 16, 0, whole, 0, AF
2384, 37, 37, 16, 16, 16, 0, whole, 0, AF
2400, 37, 37, 32, 16, 16, 0, whole, 0, AF
2416, 37, 37, 48, 16, 16, 0, whole, 0, AF
2688, 42, 42, 64, 16, 16, 0, whole, 0, AF
2960, 46, 46, 16, 16, 16, 0, whole, 0, AF
2976, 46, 46, 32, 16, 16, 0, whole, 0, AF
2480, 38, 38, 16, 16, 16, 0, whole, 0, AF
2496, 39, 39, 64, 16, 16, 0, whole, 0, AF
2512, 39, 39, 48, 16, 16, 0, whole, 0, AF
2528, 39, 39, 32, 16, 16, 0, whole, 0, AF
2544, 39, 39, 16, 16, 16, 0, whole, 0, AF
3840, 60, 60, 64, 16, 16, 0, whole, 0, AF
3088, 48, 48, 48, 16, 16, 0, whole, 0, AF
3104, 48, 48, 32, 16, 16, 0, whole, 0, AF
3632, 56, 56, 16, 16, 16, 0, whole, 0, AF
3648, 57, 57, 64, 16, 16, 0, whole, 0, AF
3664, 57, 57, 48, 16, 16, 0, whole, 0, AF
3680, 57, 57, 32, 16, 16, 0, whole, 0, AF
3696, 57, 57, 16, 16, 16, 0, whole, 0, AF
2944, 46, 46, 64, 16, 16, 0, whole, 0, AF
3216, 50, 50, 16, 16, 16, 0, whole, 0, AF
3232, 50, 50, 48, 16, 16, 0, whole, 0, AF
256, 4, 4, 64, 16, 16, 0, whole, 0, AF
48, 0, 0, 16, 16, 16, 0, whole, 0, AF
64, 1, 1, 64, 16, 16, 0, whole, 0, AF
4064, 63, 63, 32, 16, 16, 0, whole, 0, AF
4080, 63, 63, 16, 16, 16, 0, whole, 0, AF
3584, 56, 56, 64, 16, 16, 0, whole, 0, AF
3856, 60, 60, 48, 16, 16, 0, whole, 0, AF
3872, 60, 60, 32, 16, 16, 0, whole, 0, AF
3376, 52, 52, 48, 16, 16, 0, whole, 0, AF
3392, 53, 53, 64, 16, 16, 0, whole, 0, AF
3408, 53, 53, 16, 16, 16, 0, whole, 0, AF
140405256085504, 256
2480, 38, 38, 48, 16, 16, 0, whole, 0, AF
2496, 39, 39, 64, 16, 16, 0, whole, 0, AF
2512, 39, 39, 16, 16, 16, 0, whole, 0, AF
2528, 39, 39, 48, 16, 16, 0, whole, 0, AF
2544, 39, 39, 16, 16, 16, 0, whole, 0, AF
2352, 36, 36, 16, 16, 16, 0, whole, 0, AF
2368, 37, 37, 64, 16, 16, 0, whole, 0, AF
2384, 37, 37, 48, 16, 16, 0, whole, 0, AF
2400, 37, 37, 32, 16, 16, 0, whole, 0, AF
2416, 37, 37, 16, 16, 16, 0, whole, 0, AF
2688, 42, 42, 64, 16, 16, 0, whole, 0, AF
2960, 46, 46, 48, 16, 16, 0, whole, 0, AF
2976, 46, 46, 32, 16, 16, 0, whole, 0, AF
3248, 50, 50, 48, 16, 16, 0, whole, 0, AF
3264, 51, 51, 64, 16, 16, 0, whole, 0, AF
3280, 51, 51, 16, 16, 16, 0, whole, 0, AF
3296, 51, 51, 48, 16, 16, 0, whole, 0, AF
3312, 51, 51, 16, 16, 16, 0, whole, 0, AF
2560, 40, 40, 64, 16, 16, 0, whole, 0, AF
2832, 44, 44, 16, 16, 16, 0, whole, 0, AF
2848, 44, 44, 32, 16, 16, 0, whole, 0, AF
3200, 50, 50, 64, 16, 16, 0, whole, 0, AF
3472, 54, 54, 16, 16, 16, 0, whole, 0, AF
3488, 54, 54, 48, 16, 16, 0, whole, 0, AF
2992, 46, 46, 16, 16, 16, 0, whole, 0, AF
3008, 47, 47, 64, 16, 16, 0, whole, 0, AF
3024, 47, 47, 16, 16, 16, 0, whole, 0, AF
3040, 47, 47, 32, 16, 16, 0, whole, 0, AF
3056, 47, 47, 48, 16, 16, 0, whole, 0, AF
3072, 48, 48, 64, 16, 16, 0, whole, 0, AF
3344, 52, 52, 48, 16, 16, 0, whole, 0, AF
3360, 52, 52, 32, 16, 16, 0, whole, 0, AF
2864, 44, 44, 48, 16, 16, 0, whole, 0, AF
2880, 45, 45, 64, 16, 16, 0, whole, 0, AF
2896, 45, 45, 16, 16, 16, 0, whole, 0, AF
2912, 45, 45, 48, 16, 16, 0, whole, 0, AF
2928, 45, 45, 16, 16, 16, 0, whole, 0, AF
2944, 46, 46, 64, 16, 16, 0, whole, 0, AF
3216, 50, 50, 16, 16, 16, 0, whole, 0, AF
3232, 50, 50, 32, 16, 16, 0, whole, 0, AF
3760, 58, 58, 16, 16, 16, 0, whole, 0, AF
3776, 59, 59, 64, 16, 16, 0, whole, 0, AF
3792, 59, 59, 16, 16, 16, 0, whole, 0, AF
3808, 59, 59, 32, 16, 16, 0, whole, 0, AF
3824, 59, 59, 48, 16, 16, 0, whole, 0, AF
3840, 60, 60, 64, 16, 16, 0, whole, 0, AF
3088, 48, 48, 16, 16, 16, 0, whole, 0, AF
3104, 48, 48, 48, 16, 16, 0, whole, 0, AF
3632, 56, 56, 48, 16, 16, 0, whole, 0, AF
3648, 57, 57, 64, 16, 16, 0, whole, 0, AF
3664, 57, 57, 16, 16, 16, 0, whole, 0, AF
3680, 57, 57, 48, 16, 16, 0, whole, 0, AF
3696, 57, 57, 16, 16, 16, 0, whole, 0, AF
48, 0, 0, 16, 16, 16, 0, whole, 0, AF
64, 1, 1, 64, 16, 16, 0, whole, 0, AF
80, 1, 1, 48, 16, 16, 0, whole, 0, AF
96, 1, 1, 32, 16, 16, 0, whole, 0, AF
112, 1, 1, 16, 16, 16, 0, whole, 0, AF
256, 4, 4, 64, 16, 16, 0, whole, 0, AF
560, 8, 8, 48, 16, 16, 0, whole, 0, AF
576, 9, 9, 64, 16, 16, 0, whole, 0, AF
592, 9, 9, 16, 16, 16, 0, whole, 0, AF
608, 9, 9, 48, 16, 16, 0, whole, 0, AF
624, 9, 9, 16, 16, 16, 0, whole, 0, AF
144, 2, 2, 16, 16, 16, 0, whole, 0, AF
160, 2, 2, 32, 16, 16, 0, whole, 0, AF
768, 12, 12, 64, 16, 16, 0, whole, 0, AF
16, 0, 0, 16, 16, 16, 0, whole, 0, AF
32, 0, 0, 48, 16, 16, 0, whole, 0, AF
176, 2, 2, 48, 16, 16, 0, whole, 0, AF
192, 3, 3, 64, 16, 16, 0, whole, 0, AF
208, 3, 3, 16, 16, 16, 0, whole, 0, AF
224, 3, 3, 48, 16, 16, 0, whole, 0, AF
240, 3, 3, 16, 16, 16, 0, whole, 0, AF
1072, 16, 16, 16, 16, 16, 0, whole, 0, AF
1088, 17, 17, 64, 16, 16, 0, whole, 0, AF
1104, 17, 17, 16, 16, 16, 0, whole, 0, AF
1120, 17, 17, 32, 16, 16, 0, whole, 0, AF
1136, 17, 17, 48, 16, 16, 0, whole, 0, AF
384, 6, 6, 64, 16, 16, 0, whole, 0, AF
656, 10, 10, 48, 16, 16, 0, whole, 0, AF
672, 10, 10, 32, 16, 16, 0, whole, 0, AF
1280, 20, 20, 64, 16, 16, 0, whole, 0, AF
528, 8, 8, 16, 16, 16, 0, whole, 0, AF
544, 8, 8, 32, 16, 16, 0, whole, 0, AF
128, 2, 2, 64, 16, 16, 0, whole, 0, AF
400, 6, 6, 16, 16, 16, 0, whole, 0, AF
416, 6, 6, 48, 16, 16, 0, whole, 0, AF
688, 10, 10, 16, 16, 16, 0, whole, 0, AF
704, 11, 11, 64, 16, 16, 0, whole, 0, AF
720, 11, 11, 16, 16, 16, 0, whole, 0, AF
736, 11, 11, 32, 16, 16, 0, whole, 0, AF
752, 11, 11, 48, 16, 16, 0, whole, 0, AF
0, 0, 0, 64, 16, 16, 0, whole, 0, AF
272, 4, 4, 48, 16, 16, 0, whole, 0, AF
288, 4, 4, 32, 16, 16, 0, whole, 0, AF
1584, 24, 24, 16, 16, 16, 0, whole, 0, AF
1600, 25, 25, 64, 16, 16, 0, whole, 0, AF
1616, 25, 25, 48, 16, 16, 0, whole, 0, AF
1632, 25, 25, 32, 16, 16, 0, whole, 0, AF
1648, 25, 25, 16, 16, 16, 0, whole, 0, AF
896, 14, 14, 64, 16, 16, 0, whole, 0, AF
1168, 18, 18, 16, 16, 16, 0, whole, 0, AF
1184, 18, 18, 48, 16, 16, 0, whole, 0, AF
432, 6, 6, 16, 16, 16, 0, whole, 0, AF
448, 7, 7, 64, 16, 16, 0, whole, 0, AF
464, 7, 7, 48, 16, 16, 0, whole, 0, AF
480, 7, 7, 32, 16, 16, 0, whole, 0, AF
496, 7, 7, 16, 16, 16, 0, whole, 0, AF
1792, 28, 28, 64, 16, 16, 0, whole, 0, AF
1040, 16, 16, 48, 16, 16, 0, whole, 0, AF
1056, 16, 16, 32, 16, 16, 0, whole, 0, AF
304, 4, 4, 16, 16, 16, 0, whole, 0, AF
320, 5, 5, 64, 16, 16, 0, whole, 0, AF
336, 5, 5, 16, 16, 16, 0, whole, 0, AF
352, 5, 5, 32, 16, 16, 0, whole, 0, AF
368, 5, 5, 48, 16, 16, 0, whole, 0, AF
640, 10, 10, 64, 16, 16, 0, whole, 0, AF
912, 14, 14, 16, 16, 16, 0, whole, 0, AF
928, 14, 14, 32, 16, 16, 0, whole, 0, AF
1200, 18, 18, 16, 16, 16, 0, whole, 0, AF
1216, 19, 19, 64, 16, 16, 0, whole, 0, AF
1232, 19, 19, 48, 16, 16, 0, whole, 0, AF
1248, 19, 19, 32, 16, 16, 0, whole, 0, AF
1264, 19, 19, 16, 16, 16, 0, whole, 0, AF
512, 8, 8, 64, 16, 16, 0, whole, 0, AF
784, 12, 12, 16, 16, 16, 0, whole, 0, AF
800, 12, 12, 48, 16, 16, 0, whole, 0, AF
2096, 32, 32, 48, 16, 16, 0, whole, 0, AF
2112, 33, 33, 64, 16, 16, 0, whole, 0, AF
2128, 33, 33, 16, 16, 16, 0, whole, 0, AF
2144, 33, 33, 48, 16, 16, 0, whole, 0, AF
2160, 33, 33, 16, 16, 16, 0, whole, 0, AF
1408, 22, 22, 64, 16, 16, 0, whole, 0, AF
1680, 26, 26, 16, 16, 16, 0, whole, 0, AF
1696, 26, 26, 32, 16, 16, 0, whole, 0, AF
944, 14, 14, 48, 16, 16, 0, whole, 0, AF
960, 15, 15, 64, 16, 16, 0, whole, 0, AF
976, 15, 15, 16, 16, 16, 0, whole, 0, AF
992, 15, 15, 48, 16, 16, 0, whole, 0, AF
1008, 15, 15, 16, 16, 16, 0, whole, 0, AF
2304, 36, 36, 64, 16, 16, 0, whole, 0, AF
1552, 24, 24, 16, 16, 16, 0, whole, 0, AF
1568, 24, 24, 48, 16, 16, 0, whole, 0, AF
816, 12, 12, 16, 16, 16, 0, whole, 0, AF
832, 13, 13, 64, 16, 16, 0, whole, 0, AF
848, 13, 13, 48, 16, 16, 0, whole, 0, AF
864, 13, 13, 32, 16, 16, 0, whole, 0, AF
880, 13, 13, 16, 16, 16, 0, whole, 0, AF
1152, 18, 18, 64, 16, 16, 0, whole, 0, AF
1424, 22, 22, 48, 16, 16, 0, whole, 0, AF
1440, 22, 22, 32, 16, 16, 0, whole, 0, AF
1712, 26, 26, 48, 16, 16, 0, whole, 0, AF
1728, 27, 27, 64, 16, 16, 0, whole, 0, AF
1744, 27, 27, 16, 16, 16, 0, whole, 0, AF
1760, 27, 27, 48, 16, 16, 0, whole, 0, AF
1776, 27, 27, 16, 16, 16, 0, whole, 0, AF
1024, 16, 16, 64, 16, 16, 0, whole, 0, AF
1296, 20, 20, 16, 16, 16, 0, whole, 0, AF
1312, 20, 20, 32, 16, 16, 0, whole, 0, AF
2608, 40, 40, 16, 16, 16, 0, whole, 0, AF
2624, 41, 41, 64, 16, 16, 0, whole, 0, AF
2640, 41, 41, 16, 16, 16, 0, whole, 0, AF
2656, 41, 41, 32, 16, 16, 0, whole, 0, AF
2672, 41, 41, 48, 16, 16, 0, whole, 0, AF
1920, 30, 30, 64, 16, 16, 0, whole, 0, AF
2192, 34, 34, 48, 16, 16, 0, whole, 0, AF
2208, 34, 34, 32, 16, 16, 0, whole, 0, AF
1456, 22, 22, 16, 16, 16, 0, whole, 0, AF
1472, 23, 23, 64, 16, 16, 0, whole, 0, AF
1488, 23, 23, 16, 16, 16, 0, whole, 0, AF
1504, 23, 23, 32, 16, 16, 0, whole, 0, AF
1520, 23, 23, 48, 16, 16, 0, whole, 0, AF
2816, 44, 44, 64, 16, 16, 0, whole, 0, AF
2064, 32, 32, 16, 16, 16, 0, whole, 0, AF
2080, 32, 32, 32, 16, 16, 0, whole, 0, AF
1328, 20, 20, 48, 16, 16, 0, whole, 0, AF
1344, 21, 21, 64, 16, 16, 0, whole, 0, AF
1360, 21, 21, 16, 16, 16, 0, whole, 0, AF
1376, 21, 21, 48, 16, 16, 0, whole, 0, AF
1392, 21, 21, 16, 16, 16, 0, whole, 0, AF
1664, 26, 26, 64, 16, 16, 0, whole, 0, AF
1936, 30, 30, 16, 16, 16, 0, whole, 0, AF
1952, 30, 30, 48, 16, 16, 0, whole, 0, AF
2224, 34, 34, 16, 16, 16, 0, whole, 0, AF
2240, 35, 35, 64, 16, 16, 0, whole, 0, AF
2256, 35, 35, 16, 16, 16, 0, whole, 0, AF
2272, 35, 35, 32, 16, 16, 0, whole, 0, AF
2288, 35, 35, 48, 16, 16, 0, whole, 0, AF
1536, 24, 24, 64, 16, 16, 0, whole, 0, AF
1808, 28, 28, 48, 16, 16, 0, whole, 0, AF
1824, 28, 28, 32, 16, 16, 0, whole, 0, AF
3120, 48, 48, 16, 16, 16, 0, whole, 0, AF
3136, 49, 49, 64, 16, 16, 0, whole, 0, AF
3152, 49, 49, 48, 16, 16, 0, whole, 0, AF
3168, 49, 49, 32, 16, 16, 0, whole, 0, AF
3184, 49, 49, 16, 16, 16, 0, whole, 0, AF
2432, 38, 38, 64, 16, 16, 0, whole, 0, AF
2704, 42, 42, 16, 16, 16, 0, whole, 0, AF
2720, 42, 42, 48, 16, 16, 0, whole, 0, AF
1968, 30, 30, 16, 16, 16, 0, whole, 0, AF
1984, 31, 31, 64, 16, 16, 0, whole, 0, AF
2000, 31, 31, 48, 16, 16, 0, whole, 0, AF
2016, 31, 31, 32, 16, 16, 0, whole, 0, AF
2032, 31, 31, 16, 16, 16, 0, whole, 0, AF
3328, 52, 52, 64, 16, 16, 0, whole, 0, AF
2576, 40, 40, 48, 16, 16, 0, whole, 0, AF
2592, 40, 40, 32, 16, 16, 0, whole, 0, AF
1840, 28, 28, 16, 16, 16, 0, whole, 0, AF
1856, 29, 29, 64, 16, 16, 0, whole, 0, AF
1872, 29, 29, 16, 16, 16, 0, whole, 0, AF
1888, 29, 29, 32, 16, 16, 0, whole, 0, AF
1904, 29, 29, 48, 16, 16, 0, whole, 0, AF
2176, 34, 34, 64, 16, 16, 0, whole, 0, AF
2448, 38, 38, 16, 16, 16, 0, whole, 0, AF
2464, 38, 38, 32, 16, 16, 0, whole, 0, AF
2736, 42, 42, 16, 16, 16, 0, whole, 0, AF
2752, 43, 43, 64, 16, 16, 0, whole, 0, AF
2768, 43, 43, 48, 16, 16, 0, whole, 0, AF
2784, 43, 43, 32, 16, 16, 0, whole, 0, AF
2800, 43, 43, 16, 16, 16, 0, whole, 0, AF
2048, 32, 32, 64, 16, 16, 0, whole, 0, AF
2320, 36, 36, 16, 16, 16, 0, whole, 0, AF
2336, 36, 36, 48, 16, 16, 0, whole, 0, AF
4016, 62, 62, 48, 16, 16, 0, whole, 0, AF
4032, 63, 63, 64, 16, 16, 0, whole, 0, AF
4048, 63, 63, 16, 16, 16, 0, whole, 0, AF
4064, 63, 63, 48, 16, 16, 0, whole, 0, AF
4080, 63, 63, 16, 16, 16, 0, whole, 0, AF
3888, 60, 60, 16, 16, 16, 0, whole, 0, AF
3904, 61, 61, 64, 16, 16, 0, whole, 0, AF
3920, 61, 61, 48, 16, 16, 0, whole, 0, AF
3936, 61, 61, 32, 16, 16, 0, whole, 0, AF
3952, 61, 61, 16, 16, 16, 0, whole, 0, AF
3968, 62, 62, 64, 16, 16, 0, whole, 0, AF
3712, 58, 58, 64, 16, 16, 0, whole, 0, AF
3984, 62, 62, 16, 16, 16, 0, whole, 0, AF
4000, 62, 62, 32, 16, 16, 0, whole, 0, AF
3504, 54, 54, 16, 16, 16, 0, whole, 0, AF
3520, 55, 55, 64, 16, 16, 0, whole, 0, AF
3536, 55, 55, 48, 16, 16, 0, whole, 0, AF
3552, 55, 55, 32, 16, 16, 0, whole, 0, AF
3568, 55, 55, 16, 16, 16, 0, whole, 0, AF
3584, 56, 56, 64, 16, 16, 0, whole, 0, AF
3856, 60, 60, 16, 16, 16, 0, whole, 0, AF
3872, 60, 60, 48, 16, 16, 0, whole, 0, AF
3376, 52, 52, 16, 16, 16, 0, whole, 0, AF
3392, 53, 53, 64, 16, 16, 0, whole, 0, AF
3408, 53, 53, 16, 16, 16, 0, whole, 0, AF
3424, 53, 53, 32, 16, 16, 0, whole, 0, AF
3440, 53, 53, 48, 16, 16, 0, whole, 0, AF
3456, 54, 54, 64, 16, 16, 0, whole, 0, AF
3728, 58, 58, 48, 16, 16, 0, whole, 0, AF
3744, 58, 58, 32, 16, 16, 0, whole, 0, AF
3600, 56, 56, 16, 16, 16, 0, whole, 0, AF
3616, 56, 56, 32, 16, 16, 0, whole, 0, AF
cluster 60
140404713594880, 103
656, 10, 10, 48, 40, 40, 0, whole, 0, AF
1536, 24, 24, 64, 40, 40, 0, whole, 0, AF
856, 13, 13, 8, 40, 40, 0, whole, 0, AF
816, 12, 12, 16, 40, 40, 0, whole, 0, AF
136, 2, 2, 8, 40, 40, 0, whole, 0, AF
2016, 31, 31, 32, 40, 40, 0, whole, 0, AF
56, 0, 0, 8, 40, 40, 0, whole, 0, AF
1296, 20, 20, 16, 40, 40, 0, whole, 0, AF
1256, 19, 19, 8, 40, 40, 0, whole, 0, AF
1216, 19, 19, 64, 40, 40, 0, whole, 0, AF
536, 8, 8, 8, 40, 40, 0, whole, 0, AF
496, 7, 7, 16, 40, 40, 0, whole, 0, AF
2376, 37, 37, 8, 40, 40, 0, whole, 0, AF
1976, 30, 30, 8, 40, 40, 0, whole, 0, AF
1576, 24, 24, 8, 40, 40, 0, whole, 0, AF
616, 9, 9, 8, 40, 40, 0, whole, 0, AF
576, 9, 9, 64, 40, 40, 0, whole, 0, AF
2456, 38, 38, 8, 40, 40, 0, whole, 0, AF
2416, 37, 37, 16, 40, 40, 0, whole, 0, AF
1056, 16, 16, 32, 40, 40, 0, whole, 0, AF
336, 5, 5, 16, 40, 40, 0, whole, 0, AF
296, 4, 4, 8, 40, 40, 0, whole, 0, AF
256, 4, 4, 64, 40, 40, 0, whole, 0, AF
736, 11, 11, 32, 40, 40, 0, whole, 0, AF
16, 0, 0, 16, 40, 40, 0, whole, 0, AF
0, 0, 0, 64, 16, 40, 24, last, 0, AF
2976, 46, 46, 32, 40, 40, 0, whole, 0, AF
1016, 15, 15, 8, 40, 40, 0, whole, 0, AF
2816, 44, 44, 64, 40, 40, 0, whole, 0, AF
2136, 33, 33, 8, 40, 40, 0, whole, 0, AF
2096, 32, 32, 48, 40, 40, 0, whole, 0, AF
1416, 22, 22, 8, 40, 40, 0, whole, 0, AF
3296, 51, 51, 48, 40, 40, 0, whole, 0, AF
1336, 20, 20, 8, 40, 40, 0, whole, 0, AF
2576, 40, 40, 48, 40, 40, 0, whole, 0, AF
2536, 39, 39, 8, 40, 40, 0, whole, 0, AF
2496, 39, 39, 64, 40, 40, 0, whole, 0, AF
1816, 28, 28, 8, 40, 40, 0, whole, 0, AF
1776, 27, 27, 16, 40, 40, 0, whole, 0, AF
3656, 57, 57, 8, 40, 40, 0, whole, 0, AF
416, 6, 6, 48, 40, 40, 0, whole, 0, AF
2856, 44, 44, 8, 40, 40, 0, whole, 0, AF
776, 12, 12, 8, 40, 40, 0, whole, 0, AF
96, 1, 1, 32, 40, 40, 0, whole, 0, AF
3256, 50, 50, 8, 40, 40, 0, whole, 0, AF
1936, 30, 30, 16, 40, 40, 0, whole, 0, AF
1896, 29, 29, 8, 40, 40, 0, whole, 0, AF
1856, 29, 29, 64, 40, 40, 0, whole, 0, AF
3736, 58, 58, 8, 40, 40, 0, whole, 0, AF
3696, 57, 57, 16, 40, 40, 0, whole, 0, AF
456, 7, 7, 8, 40, 40, 0, whole, 0, AF
2336, 36, 36, 48, 40, 40, 0, whole, 0, AF
376, 5, 5, 8, 40, 40, 0, whole, 0, AF
1616, 25, 25, 48, 40, 40, 0, whole, 0, AF
2696, 42, 42, 8, 40, 40, 0, whole, 0, AF
2776, 43, 43, 8, 40, 40, 0, whole, 0, AF
3456, 54, 54, 64, 40, 40, 0, whole, 0, AF
4056, 63, 63, 8, 40, 40, 0, whole, 0, AF
4016, 62, 62, 48, 40, 40, 0, whole, 0, AF
3496, 54, 54, 8, 40, 40, 0, whole, 0, AF
3536, 55, 55, 48, 40, 40, 0, whole, 0, AF
3096, 48, 48, 8, 40, 40, 0, whole, 0, AF
3776, 59, 59, 64, 40, 40, 0, whole, 0, AF
3816, 59, 59, 8, 40, 40, 0, whole, 0, AF
3856, 60, 60, 16, 40, 40, 0, whole, 0, AF
2616, 40, 40, 8, 40, 40, 0, whole, 0, AF
1496, 23, 23, 8, 40, 40, 0, whole, 0, AF
2896, 45, 45, 16, 40, 40, 0, whole, 0, AF
3376, 52, 52, 16, 40, 40, 0, whole, 0, AF
3416, 53, 53, 8, 40, 40, 0, whole, 0, AF
1456, 22, 22, 16, 40, 40, 0, whole, 0, AF
1096, 17, 17, 8, 40, 40, 0, whole, 0, AF
696, 10, 10, 8, 40, 40, 0, whole, 0, AF
1176, 18, 18, 8, 40, 40, 0, whole, 0, AF
3336, 52, 52, 8, 40, 40, 0, whole, 0, AF
2656, 41, 41, 32, 40, 40, 0, whole, 0, AF
2936, 45, 45, 8, 40, 40, 0, whole, 0, AF
3016, 47, 47, 8, 40, 40, 0, whole, 0, AF
1136, 17, 17, 48, 40, 40, 0, whole, 0, AF
3056, 47, 47, 48, 40, 40, 0, whole, 0, AF
1656, 25, 25, 8, 40, 40, 0, whole, 0, AF
3616, 56, 56, 32, 40, 40, 0, whole, 0, AF
1736, 27, 27, 8, 40, 40, 0, whole, 0, AF
3576, 55, 55, 8, 40, 40, 0, whole, 0, AF
3896, 60, 60, 8, 40, 40, 0, whole, 0, AF
2256, 35, 35, 16, 40, 40, 0, whole, 0, AF
3976, 62, 62, 8, 40, 40, 0, whole, 0, AF
3136, 49, 49, 64, 40, 40, 0, whole, 0, AF
3176, 49, 49, 8, 40, 40, 0, whole, 0, AF
3216, 50, 50, 16, 40, 40, 0, whole, 0, AF
2216, 34, 34, 8, 40, 40, 0, whole, 0, AF
1376, 21, 21, 48, 40, 40, 0, whole, 0, AF
2056, 32, 32, 8, 40, 40, 0, whole, 0, AF
176, 2, 2, 48, 40, 40, 0, whole, 0, AF
216, 3, 3, 8, 40, 40, 0, whole, 0, AF
896, 14, 14, 64, 40, 40, 0, whole, 0, AF
936, 14, 14, 8, 40, 40, 0, whole, 0, AF
976, 15, 15, 16, 40, 40, 0, whole, 0, AF
2296, 35, 35, 8, 40, 40, 0, whole, 0, AF
1696, 26, 26, 32, 40, 40, 0, whole, 0, AF
2176, 34, 34, 64, 40, 40, 0, whole, 0, AF
3936, 61, 61, 32, 40, 40, 0, whole, 0, AF
2736, 42, 42, 16, 40, 40, 0, whole, 0, AF
cluster 62
140405255634944, 72
2328, 36, 36, 8, 24, 24, 0, whole, 0, AD
2352, 36, 36, 16, 24, 24, 0, whole, 0, AD
4080, 63, 63, 16, 16, 24, 0, first, 0, AT
3768, 58, 58, 8, 24, 24, 0, whole, 0, AD
4056, 63, 63, 8, 24, 24, 0, whole, 0, AT
2856, 44, 44, 8, 24, 24, 0, whole, 0, AD
2880, 45, 45, 64, 24, 24, 0, whole, 0, AT
2904, 45, 45, 8, 24, 24, 0, whole, 0, AT
2928, 45, 45, 16, 24, 24, 0, whole, 0, AT
2952, 46, 46, 8, 24, 24, 0, whole, 0, AT
3000, 46, 46, 8, 24, 24, 0, whole, 0, AT
2976, 46, 46, 32, 24, 24, 0, whole, 0, AD
4008, 62, 62, 8, 24, 24, 0, whole, 0, AT
3312, 51, 51, 16, 24, 24, 0, whole, 0, AT
3672, 57, 57, 8, 24, 24, 0, whole, 0, AT
2640, 41, 41, 16, 24, 24, 0, whole, 0, AT
2664, 41, 41, 8, 24, 24, 0, whole, 0, AD
3360, 52, 52, 32, 24, 24, 0, whole, 0, AT
3384, 52, 52, 8, 24, 24, 0, whole, 0, AT
3408, 53, 53, 16, 24, 24, 0, whole, 0, AT
2280, 35, 35, 8, 24, 24, 0, whole, 0, R
3744, 58, 58, 32, 24, 24, 0, whole, 0, AT
3720, 58, 58, 8, 24, 24, 0, whole, 0, AD
3816, 59, 59, 8, 24, 24, 0, whole, 0, AT
3840, 60, 60, 64, 24, 24, 0, whole, 0, AT
3456, 54, 54, 64, 24, 24, 0, whole, 0, AD
3432, 53, 53, 8, 24, 24, 0, whole, 0, AD
3192, 49, 49, 8, 24, 24, 0, whole, 0, AT
4032, 63, 63, 64, 24, 24, 0, whole, 0, AD
3984, 62, 62, 16, 24, 24, 0, whole, 0, AT
3960, 61, 61, 8, 24, 24, 0, whole, 0, AT
3936, 61, 61, 32, 24, 24, 0, whole, 0, AD
3912, 61, 61, 8, 24, 24, 0, whole, 0, AT
2376, 37, 37, 8, 24, 24, 0, whole, 0, AT
3888, 60, 60, 16, 24, 24, 0, whole, 0, AT
3864, 60, 60, 8, 24, 24, 0, whole, 0, AT
3480, 54, 54, 8, 24, 24, 0, whole, 0, AT
3120, 48, 48, 16, 24, 24, 0, whole, 0, AT
3096, 48, 48, 8, 24, 24, 0, whole, 0, AD
2304, 36, 36, 64, 24, 24, 0, whole, 0, AD
3024, 47, 47, 16, 24, 24, 0, whole, 0, AT
2496, 39, 39, 64, 24, 24, 0, whole, 0, AD
2472, 38, 38, 8, 24, 24, 0, whole, 0, AD
3216, 50, 50, 16, 24, 24, 0, whole, 0, AT
2616, 40, 40, 8, 24, 24, 0, whole, 0, AT
3648, 57, 57, 64, 24, 24, 0, whole, 0, AD
3624, 56, 56, 8, 24, 24, 0, whole, 0, AT
3600, 56, 56, 16, 24, 24, 0, whole, 0, AT
3576, 55, 55, 8, 24, 24, 0, whole, 0, AD
2832, 44, 44, 16, 24, 24, 0, whole, 0, AD
2808, 43, 43, 8, 24, 24, 0, whole, 0, AT
2784, 43, 43, 32, 24, 24, 0, whole, 0, AD
2448, 38, 38, 16, 24, 24, 0, whole, 0, AT
2424, 37, 37, 8, 24, 24, 0, whole, 0, AT
2688, 42, 42, 64, 24, 24, 0, whole, 0, AT
2568, 40, 40, 8, 24, 24, 0, whole, 0, AD
2544, 39, 39, 16, 24, 24, 0, whole, 0, AD
2520, 39, 39, 8, 24, 24, 0, whole, 0, AD
2400, 37, 37, 32, 24, 24, 0, whole, 0, AD
3168, 49, 49, 32, 24, 24, 0, whole, 0, AD
3144, 49, 49, 8, 24, 24, 0, whole, 0, AD
2760, 43, 43, 8, 24, 24, 0, whole, 0, AD
2736, 42, 42, 16, 24, 24, 0, whole, 0, AT
2712, 42, 42, 8, 24, 24, 0, whole, 0, AD
2592, 40, 40, 32, 24, 24, 0, whole, 0, AD
3072, 48, 48, 64, 24, 24, 0, whole, 0, AT
3048, 47, 47, 8, 24, 24, 0, whole, 0, AT
3696, 57, 57, 16, 24, 24, 0, whole, 0, AT
3336, 52, 52, 8, 24, 24, 0, whole, 0, AD
3528, 55, 55, 8, 24, 24, 0, whole, 0, AD
3504, 54, 54, 16, 24, 24, 0, whole, 0, AT
3264, 51, 51, 64, 24, 24, 0, whole, 0, AT
140405255639040, 154
3944, 61, 61, 8, 24, 24, 0, whole, 0, AD
3968, 62, 62, 64, 24, 24, 0, whole, 0, AD
3632, 56, 56, 16, 24, 24, 0, whole, 0, AT
3656, 57, 57, 8, 24, 24, 0, whole, 0, AT
4040, 63, 63, 8, 24, 24, 0, whole, 0, AT
272, 4, 4, 16, 24, 24, 0, whole, 0, AD
0, 0, 0, 64, 8, 24, 16, last, 0, AT
8, 0, 0, 8, 24, 24, 0, whole, 0, AT
80, 1, 1, 16, 24, 24, 0, whole, 0, AT
176, 2, 2, 16, 24, 24, 0, whole, 0, AD
152, 2, 2, 8, 24, 24, 0, whole, 0, AT
248, 3, 3, 8, 24, 24, 0, whole, 0, AD
224, 3, 3, 32, 24, 24, 0, whole, 0, AT
104, 1, 1, 8, 24, 24, 0, whole, 0, AT
128, 2, 2, 64, 24, 24, 0, whole, 0, AD
776, 12, 12, 8, 24, 24, 0, whole, 0, AD
704, 11, 11, 64, 24, 24, 0, whole, 0, AD
1136, 17, 17, 16, 24, 24, 0, whole, 0, AD
1160, 18, 18, 8, 24, 24, 0, whole, 0, AD
440, 6, 6, 8, 24, 24, 0, whole, 0, AT
464, 7, 7, 16, 24, 24, 0, whole, 0, AT
488, 7, 7, 8, 24, 24, 0, whole, 0, AD
1664, 26, 26, 64, 24, 24, 0, whole, 0, AD
536, 8, 8, 8, 24, 24, 0, whole, 0, AT
944, 14, 14, 16, 24, 24, 0, whole, 0, AD
320, 5, 5, 64, 24, 24, 0, whole, 0, AD
344, 5, 5, 8, 24, 24, 0, whole, 0, AA
56, 0, 0, 8, 24, 24, 0, whole, 0, AT
728, 11, 11, 8, 24, 24, 0, whole, 0, AD
752, 11, 11, 16, 24, 24, 0, whole, 0, AD
1568, 24, 24, 32, 24, 24, 0, whole, 0, AT
1592, 24, 24, 8, 24, 24, 0, whole, 0, AT
1616, 25, 25, 16, 24, 24, 0, whole, 0, AT
1256, 19, 19, 8, 24, 24, 0, whole, 0, AD
1280, 20, 20, 64, 24, 24, 0, whole, 0, AD
1688, 26, 26, 8, 24, 24, 0, whole, 0, AD
560, 8, 8, 16, 24, 24, 0, whole, 0, AT
584, 9, 9, 8, 24, 24, 0, whole, 0, AT
1376, 21, 21, 32, 24, 24, 0, whole, 0, AD
1424, 22, 22, 16, 24, 24, 0, whole, 0, AT
1064, 16, 16, 8, 24, 24, 0, whole, 0, AD
1088, 17, 17, 64, 24, 24, 0, whole, 0, AD
1496, 23, 23, 8, 24, 24, 0, whole, 0, AD
1904, 29, 29, 16, 24, 24, 0, whole, 0, AD
1928, 30, 30, 8, 24, 24, 0, whole, 0, AD
1208, 18, 18, 8, 24, 24, 0, whole, 0, AD
1232, 19, 19, 16, 24, 24, 0, whole, 0, AD
2384, 37, 37, 16, 24, 24, 0, whole, 0, AT
1304, 20, 20, 8, 24, 24, 0, whole, 0, AD
1712, 26, 26, 16, 24, 24, 0, whole, 0, AD
1736, 27, 27, 8, 24, 24, 0, whole, 0, AD
992, 15, 15, 32, 24, 24, 0, whole, 0, AD
1016, 15, 15, 8, 24, 24, 0, whole, 0, AD
656, 10, 10, 16, 24, 24, 0, whole, 0, AD
1112, 17, 17, 8, 24, 24, 0, whole, 0, AD
1544, 24, 24, 8, 24, 24, 0, whole, 0, AT
2312, 36, 36, 8, 24, 24, 0, whole, 0, AT
2336, 36, 36, 32, 24, 24, 0, whole, 0, AT
2360, 36, 36, 8, 24, 24, 0, whole, 0, AD
2024, 31, 31, 8, 24, 24, 0, whole, 0, AT
2408, 37, 37, 8, 24, 24, 0, whole, 0, AD
1328, 20, 20, 16, 24, 24, 0, whole, 0, AD
1352, 21, 21, 8, 24, 24, 0, whole, 0, AD
2120, 33, 33, 8, 24, 24, 0, whole, 0, AT
2144, 33, 33, 32, 24, 24, 0, whole, 0, AT
2168, 33, 33, 8, 24, 24, 0, whole, 0, AT
1832, 28, 28, 8, 24, 24, 0, whole, 0, AD
2240, 35, 35, 64, 24, 24, 0, whole, 0, AT
2624, 41, 41, 64, 24, 24, 0, whole, 0, AT
2648, 41, 41, 8, 24, 24, 0, whole, 0, AD
1952, 30, 30, 32, 24, 24, 0, whole, 0, AD
1976, 30, 30, 8, 24, 24, 0, whole, 0, AT
2000, 31, 31, 16, 24, 24, 0, whole, 0, AT
3104, 48, 48, 32, 24, 24, 0, whole, 0, AT
3128, 48, 48, 8, 24, 24, 0, whole, 0, AT
2048, 32, 32, 64, 24, 24, 0, whole, 0, AD
2432, 38, 38, 64, 24, 24, 0, whole, 0, AT
2456, 38, 38, 8, 24, 24, 0, whole, 0, AT
1760, 27, 27, 32, 24, 24, 0, whole, 0, AD
1784, 27, 27, 8, 24, 24, 0, whole, 0, AD
1448, 22, 22, 8, 24, 24, 0, whole, 0, AT
1472, 23, 23, 64, 24, 24, 0, whole, 0, AD
1880, 29, 29, 8, 24, 24, 0, whole, 0, AD
2264, 35, 35, 8, 24, 24, 0, whole, 0, AD
2288, 35, 35, 16, 24, 24, 0, whole, 0, AD
3056, 47, 47, 16, 24, 24, 0, whole, 0, AD
3080, 48, 48, 8, 24, 24, 0, whole, 0, AT
2744, 42, 42, 8, 24, 24, 0, whole, 0, AT
2768, 43, 43, 16, 24, 24, 0, whole, 0, AT
2072, 32, 32, 8, 24, 24, 0, whole, 0, AT
2096, 32, 32, 16, 24, 24, 0, whole, 0, AD
2864, 44, 44, 16, 24, 24, 0, whole, 0, AT
2888, 45, 45, 8, 24, 24, 0, whole, 0, AT
2912, 45, 45, 32, 24, 24, 0, whole, 0, AD
2552, 39, 39, 8, 24, 24, 0, whole, 0, AT
2576, 40, 40, 16, 24, 24, 0, whole, 0, AD
2984, 46, 46, 8, 24, 24, 0, whole, 0, AT
3320, 51, 51, 8, 24, 24, 0, whole, 0, AT
3344, 52, 52, 16, 24, 24, 0, whole, 0, AT
2672, 41, 41, 16, 24, 24, 0, whole, 0, AT
2696, 42, 42, 8, 24, 24, 0, whole, 0, AT
2720, 42, 42, 32, 24, 24, 0, whole, 0, AT
3800, 59, 59, 8, 24, 24, 0, whole, 0, AD
2792, 43, 43, 8, 24, 24, 0, whole, 0, AD
3152, 49, 49, 16, 24, 24, 0, whole, 0, AT
3176, 49, 49, 8, 24, 24, 0, whole, 0, AD
2480, 38, 38, 16, 24, 24, 0, whole, 0, AT
2504, 39, 39, 8, 24, 24, 0, whole, 0, AT
2528, 39, 39, 32, 24, 24, 0, whole, 0, AD
2192, 34, 34, 16, 24, 24, 0, whole, 0, AD
2216, 34, 34, 8, 24, 24, 0, whole, 0, AT
3008, 47, 47, 64, 24, 24, 0, whole, 0, AD
3728, 58, 58, 16, 24, 24, 0, whole, 0, AT
3752, 58, 58, 8, 24, 24, 0, whole, 0, AT
3776, 59, 59, 64, 24, 24, 0, whole, 0, AT
3440, 53, 53, 16, 24, 24, 0, whole, 0, AD
3464, 54, 54, 8, 24, 24, 0, whole, 0, AT
3848, 60, 60, 8, 24, 24, 0, whole, 0, AT
2816, 44, 44, 64, 24, 24, 0, whole, 0, AT
2840, 44, 44, 8, 24, 24, 0, whole, 0, AD
3560, 55, 55, 8, 24, 24, 0, whole, 0, AD
3608, 56, 56, 8, 24, 24, 0, whole, 0, AD
3272, 51, 51, 8, 24, 24, 0, whole, 0, AT
3680, 57, 57, 32, 24, 24, 0, whole, 0, AD
4064, 63, 63, 32, 24, 24, 0, whole, 0, AT
4088, 63, 63, 8, 8, 24, 0, first, 0, AT
3368, 52, 52, 8, 24, 24, 0, whole, 0, AD
3416, 53, 53, 8, 24, 24, 0, whole, 0, AT
3488, 54, 54, 32, 24, 24, 0, whole, 0, AT
3872, 60, 60, 32, 24, 24, 0, whole, 0, AD
3896, 60, 60, 8, 24, 24, 0, whole, 0, AT
3200, 50, 50, 64, 24, 24, 0, whole, 0, AT
3224, 50, 50, 8, 24, 24, 0, whole, 0, AT
3248, 50, 50, 16, 24, 24, 0, whole, 0, AT
2936, 45, 45, 8, 24, 24, 0, whole, 0, AD
2960, 46, 46, 16, 24, 24, 0, whole, 0, AT
3296, 51, 51, 32, 24, 24, 0, whole, 0, AT
3704, 57, 57, 8, 24, 24, 0, whole, 0, AD
3512, 54, 54, 8, 24, 24, 0, whole, 0, AD
3536, 55, 55, 16, 24, 24, 0, whole, 0, AT
3992, 62, 62, 8, 24, 24, 0, whole, 0, AD
4016, 62, 62, 16, 24, 24, 0, whole, 0, AT
3920, 61, 61, 16, 24, 24, 0, whole, 0, AT
776, 12, 12, 8, 24, 24, 0, whole, 0, AD
800, 12, 12, 32, 24, 24, 0, whole, 0, AD
512, 8, 8, 64, 24, 24, 0, whole, 0, AD
920, 14, 14, 8, 24, 24, 0, whole, 0, AD
608, 9, 9, 32, 24, 24, 0, whole, 0, AD
632, 9, 9, 8, 24, 24, 0, whole, 0, AD
392, 6, 6, 8, 24, 24, 0, whole, 0, AT
416, 6, 6, 32, 24, 24, 0, whole, 0, AD
824, 12, 12, 8, 24, 24, 0, whole, 0, AD
896, 14, 14, 64, 24, 24, 0, whole, 0, AD
296, 4, 4, 8, 24, 24, 0, whole, 0, AD
