0x2608370|0x2608390|76|43974718944322202|4|39879600|1
0|0|0|43974718944406778|0|39879456|0
0x2608370|0x2608390|78|43974718944411256|400|39880048|1
0|0|0|43974718944411576|0|39879456|0
0x2608370|0x2608390|80|43974718944412416|100|39880464|1
0|0|0|43974718944412624|0|39879456|0
0x2608370|0x2608780|81|43974718944413682|8|39880608|1
0|0|0|43974718944413884|0|39879456|0
0x2608370|0x26087c0|0|43974718944414076|66|39879456|1
0|0|0|43974718944416784|0|39879456|0
0x2608880|0x26088c0|97|43974718944419064|24|39880672|1
0|0|0|43974718944421966|0|39880672|0
0x2608880|0x26088e0|106|43974718944422658|20|39880672|1
0x2608370|0x2608900|94|43974718944424628|1|39880992|1
0|0|0|43974718944424898|0|39879456|0
0x2608880|0x2608940|111|0|0|0|0
