0x55669770e0b0|0x55669770e0d8|53|19649858270049520|104|140052373966048|1
0x55669770e0b0|0x55669770e0d8|42|19649858270102660|4|140052373966576|1
0x55669770e0b0|0x7f60820e0507|44|19649858270118540|16|140052373966640|1
0x55669770e0b0|0x55669770e0d8|53|19649858271036700|104|140052105530592|1
0x55669770e0b0|0x55669770e0d8|42|19649858271093880|4|140052105531120|1
0x55669770e0b0|0x7f60820e0507|44|19649858271102260|16|140052105531184|1
0x55669770e0b0|0x55669770e0d8|53|19649858271441400|104|140052373965904|1
0x55669770e0b0|0x55669770e0d8|42|19649858271503280|4|140052373967728|1
0x55669770e0b0|0x7f60820e0507|44|19649858271511560|16|140052373967792|1
0x55669770e0b0|0x55669770e0d8|61|19649858271768700|104|140052373966048|1
0x55669770e0b0|0x55669770e0d8|42|19649858271860700|4|140052373968448|1
0x55669770e0b0|0x7f60820e0507|44|19649858272131180|16|140052373968512|1
